File Name:	C:\TAData\2018-11-22 09-12.tad

[File Information]
File Name:	2018-11-22 09-12.tad
Sample Name:	Indium - Standard
Lot No:	010
Acquisition Date	18/11/22
Acquisition Time	09:12:11(-0500)
Detector:	DSC-60
Serial No:	C30454400666SA
Operator:	Thad
Atmosphere:	Air
Flow Rate:	0[ml/min]
Cell:	Aluminum
Sample Weight:	1.700[mg]
Molecular Weight:	114.82


[Program]
[Sampling Parameters]
Sampling Time [ sec ]:	2.0
Start Acquisition Setting:	Acquisition before measurement starts[ min ]:	1.0
Stop Acquisition Setting:	Acquisition after measurement stops[ min ]:	1.0


[Temp Program]
Temp Rate	Hold Temp	Hold Time
[C/min ]	[  C   ]	[  min  ]
2.00	180.0	2
-2.00	90.0	8
10.00	190.0	2
-10.00	20.0	0


[Data]
Temp	DSC
C	mW
40.34	-0.40
40.34	-0.40
40.34	-0.40
40.34	-0.40
40.34	-0.40
40.34	-0.40
40.34	-0.40
40.34	-0.40
40.34	-0.40
40.34	-0.40
40.34	-0.40
40.34	-0.40
40.34	-0.40
40.34	-0.40
40.34	-0.40
40.34	-0.40
40.34	-0.40
40.34	-0.40
40.34	-0.40
40.34	-0.40
40.34	-0.40
40.34	-0.40
40.34	-0.40
40.34	-0.40
40.34	-0.40
40.34	-0.40
40.34	-0.40
40.35	-0.40
40.35	-0.40
40.35	-0.40
40.34	-0.40
40.35	-0.40
40.35	-0.40
40.36	-0.40
40.37	-0.40
40.39	-0.40
40.41	-0.41
40.44	-0.42
40.48	-0.42
40.51	-0.43
40.55	-0.44
40.61	-0.45
40.65	-0.45
40.71	-0.46
40.75	-0.46
40.82	-0.47
40.88	-0.47
40.93	-0.47
40.99	-0.47
41.05	-0.48
41.11	-0.48
41.17	-0.48
41.24	-0.48
41.30	-0.48
41.37	-0.48
41.42	-0.48
41.49	-0.48
41.55	-0.48
41.61	-0.48
41.68	-0.48
41.74	-0.48
41.81	-0.48
41.87	-0.48
41.93	-0.48
41.99	-0.49
42.06	-0.49
42.12	-0.49
42.19	-0.49
42.25	-0.49
42.32	-0.49
42.38	-0.49
42.44	-0.49
42.51	-0.49
42.57	-0.49
42.64	-0.49
42.70	-0.49
42.76	-0.49
42.82	-0.49
42.89	-0.49
42.96	-0.49
43.02	-0.49
43.08	-0.49
43.14	-0.49
43.21	-0.49
43.27	-0.49
43.33	-0.49
43.40	-0.49
43.46	-0.49
43.52	-0.49
43.59	-0.49
43.66	-0.49
43.72	-0.49
43.78	-0.49
43.84	-0.49
43.90	-0.49
43.97	-0.49
44.03	-0.49
44.09	-0.49
44.16	-0.49
44.22	-0.49
44.29	-0.49
44.35	-0.49
44.41	-0.49
44.48	-0.49
44.54	-0.49
44.61	-0.49
44.67	-0.50
44.73	-0.50
44.80	-0.50
44.86	-0.50
44.93	-0.50
44.99	-0.50
45.05	-0.50
45.11	-0.50
45.18	-0.50
45.25	-0.50
45.31	-0.50
45.37	-0.50
45.44	-0.50
45.50	-0.50
45.57	-0.50
45.63	-0.50
45.69	-0.50
45.76	-0.50
45.82	-0.50
45.89	-0.50
45.95	-0.50
46.01	-0.50
46.08	-0.50
46.14	-0.50
46.21	-0.50
46.27	-0.50
46.34	-0.50
46.40	-0.50
46.46	-0.50
46.52	-0.50
46.60	-0.50
46.66	-0.50
46.72	-0.51
46.78	-0.51
46.85	-0.51
46.91	-0.51
46.98	-0.51
47.05	-0.51
47.11	-0.51
47.17	-0.51
47.23	-0.51
47.30	-0.51
47.36	-0.51
47.43	-0.51
47.48	-0.51
47.55	-0.51
47.61	-0.51
47.68	-0.51
47.74	-0.51
47.80	-0.51
47.87	-0.51
47.93	-0.51
48.00	-0.51
48.06	-0.51
48.12	-0.51
48.19	-0.51
48.25	-0.52
48.31	-0.52
48.37	-0.52
48.44	-0.52
48.50	-0.52
48.57	-0.52
48.63	-0.52
48.69	-0.52
48.76	-0.52
48.82	-0.52
48.89	-0.52
48.95	-0.52
49.01	-0.52
49.08	-0.52
49.14	-0.52
49.20	-0.52
49.27	-0.52
49.33	-0.52
49.40	-0.52
49.46	-0.52
49.52	-0.52
49.59	-0.52
49.64	-0.52
49.71	-0.52
49.77	-0.52
49.84	-0.52
49.90	-0.52
49.96	-0.52
50.03	-0.52
50.09	-0.52
50.15	-0.52
50.21	-0.52
50.27	-0.52
50.34	-0.52
50.40	-0.52
50.46	-0.53
50.53	-0.53
50.59	-0.53
50.66	-0.53
50.72	-0.53
50.79	-0.53
50.85	-0.53
50.91	-0.53
50.98	-0.53
51.04	-0.53
51.11	-0.53
51.17	-0.53
51.23	-0.53
51.29	-0.53
51.36	-0.53
51.42	-0.53
51.48	-0.53
51.55	-0.53
51.61	-0.53
51.68	-0.53
51.74	-0.53
51.80	-0.53
51.86	-0.53
51.93	-0.53
51.99	-0.53
52.05	-0.53
52.12	-0.53
52.18	-0.53
52.25	-0.53
52.31	-0.54
52.38	-0.54
52.44	-0.54
52.50	-0.54
52.56	-0.54
52.63	-0.54
52.69	-0.54
52.75	-0.54
52.82	-0.54
52.88	-0.54
52.95	-0.54
53.01	-0.54
53.07	-0.54
53.13	-0.54
53.20	-0.54
53.26	-0.54
53.32	-0.54
53.39	-0.54
53.45	-0.54
53.52	-0.54
53.59	-0.54
53.65	-0.54
53.71	-0.54
53.77	-0.54
53.83	-0.54
53.90	-0.54
53.97	-0.54
54.02	-0.54
54.09	-0.54
54.15	-0.54
54.22	-0.54
54.29	-0.55
54.35	-0.55
54.42	-0.55
54.47	-0.55
54.54	-0.55
54.60	-0.55
54.66	-0.55
54.72	-0.55
54.79	-0.55
54.85	-0.55
54.92	-0.55
54.98	-0.55
55.04	-0.55
55.10	-0.55
55.17	-0.55
55.23	-0.55
55.30	-0.55
55.37	-0.55
55.43	-0.55
55.49	-0.55
55.55	-0.55
55.62	-0.55
55.67	-0.55
55.75	-0.56
55.81	-0.56
55.87	-0.56
55.94	-0.56
56.00	-0.56
56.07	-0.56
56.13	-0.56
56.19	-0.56
56.25	-0.56
56.32	-0.56
56.38	-0.56
56.45	-0.56
56.50	-0.56
56.57	-0.56
56.63	-0.56
56.70	-0.56
56.77	-0.56
56.82	-0.56
56.89	-0.56
56.95	-0.56
57.02	-0.56
57.08	-0.56
57.15	-0.56
57.22	-0.56
57.27	-0.56
57.33	-0.56
57.39	-0.57
57.46	-0.56
57.53	-0.56
57.59	-0.56
57.65	-0.57
57.71	-0.57
57.78	-0.57
57.84	-0.57
57.91	-0.57
57.97	-0.57
58.03	-0.57
58.09	-0.57
58.16	-0.57
58.22	-0.57
58.28	-0.57
58.35	-0.57
58.41	-0.57
58.47	-0.57
58.55	-0.57
58.61	-0.57
58.66	-0.57
58.73	-0.57
58.80	-0.57
58.87	-0.57
58.92	-0.57
58.98	-0.57
59.04	-0.57
59.11	-0.57
59.18	-0.57
59.24	-0.57
59.30	-0.57
59.36	-0.57
59.42	-0.58
59.49	-0.58
59.56	-0.58
59.61	-0.58
59.68	-0.58
59.74	-0.58
59.81	-0.58
59.88	-0.58
59.93	-0.58
60.00	-0.58
60.06	-0.58
60.13	-0.58
60.19	-0.58
60.26	-0.58
60.32	-0.58
60.38	-0.58
60.44	-0.58
60.51	-0.58
60.57	-0.58
60.63	-0.58
60.69	-0.58
60.76	-0.58
60.82	-0.58
60.89	-0.58
60.95	-0.58
61.01	-0.58
61.07	-0.59
61.13	-0.59
61.20	-0.59
61.26	-0.59
61.32	-0.59
61.39	-0.59
61.45	-0.59
61.51	-0.59
61.58	-0.59
61.65	-0.59
61.71	-0.59
61.77	-0.59
61.83	-0.59
61.90	-0.59
61.97	-0.59
62.02	-0.59
62.09	-0.59
62.15	-0.59
62.21	-0.59
62.27	-0.59
62.34	-0.59
62.41	-0.59
62.47	-0.59
62.53	-0.59
62.59	-0.59
62.66	-0.59
62.72	-0.59
62.78	-0.60
62.84	-0.60
62.91	-0.60
62.98	-0.60
63.04	-0.60
63.10	-0.60
63.16	-0.60
63.23	-0.60
63.29	-0.60
63.35	-0.60
63.42	-0.60
63.48	-0.60
63.54	-0.60
63.60	-0.60
63.67	-0.60
63.73	-0.60
63.80	-0.60
63.86	-0.60
63.92	-0.60
63.98	-0.60
64.05	-0.60
64.11	-0.60
64.18	-0.60
64.24	-0.60
64.30	-0.60
64.36	-0.61
64.43	-0.61
64.49	-0.61
64.55	-0.61
64.62	-0.61
64.68	-0.61
64.74	-0.61
64.81	-0.61
64.87	-0.61
64.93	-0.61
65.00	-0.61
65.06	-0.61
65.12	-0.61
65.19	-0.61
65.25	-0.61
65.32	-0.61
65.38	-0.61
65.45	-0.61
65.51	-0.61
65.57	-0.61
65.63	-0.61
65.69	-0.61
65.76	-0.61
65.82	-0.61
65.88	-0.61
65.94	-0.61
66.01	-0.61
66.07	-0.61
66.13	-0.61
66.20	-0.62
66.26	-0.62
66.33	-0.62
66.39	-0.62
66.45	-0.62
66.51	-0.62
66.58	-0.62
66.64	-0.62
66.70	-0.62
66.77	-0.62
66.83	-0.62
66.89	-0.62
66.96	-0.62
67.02	-0.62
67.08	-0.62
67.15	-0.63
67.21	-0.63
67.27	-0.63
67.34	-0.63
67.41	-0.63
67.47	-0.63
67.53	-0.63
67.60	-0.63
67.66	-0.63
67.72	-0.63
67.78	-0.63
67.85	-0.63
67.91	-0.63
67.97	-0.63
68.04	-0.63
68.10	-0.63
68.16	-0.63
68.23	-0.63
68.30	-0.63
68.35	-0.63
68.42	-0.63
68.48	-0.63
68.54	-0.63
68.60	-0.63
68.67	-0.63
68.73	-0.63
68.80	-0.63
68.86	-0.63
68.92	-0.63
68.99	-0.63
69.05	-0.64
69.12	-0.64
69.18	-0.64
69.24	-0.64
69.30	-0.64
69.37	-0.64
69.43	-0.64
69.49	-0.64
69.56	-0.64
69.62	-0.64
69.68	-0.64
69.74	-0.64
69.81	-0.64
69.88	-0.64
69.94	-0.64
70.01	-0.64
70.07	-0.64
70.13	-0.64
70.19	-0.64
70.26	-0.64
70.32	-0.64
70.39	-0.64
70.44	-0.64
70.51	-0.65
70.56	-0.65
70.63	-0.65
70.69	-0.65
70.76	-0.65
70.82	-0.65
70.88	-0.65
70.95	-0.65
71.01	-0.65
71.08	-0.65
71.14	-0.65
71.20	-0.65
71.26	-0.65
71.33	-0.65
71.39	-0.65
71.46	-0.65
71.52	-0.65
71.58	-0.65
71.65	-0.65
71.71	-0.65
71.77	-0.65
71.83	-0.65
71.90	-0.65
71.96	-0.65
72.03	-0.65
72.10	-0.65
72.15	-0.66
72.21	-0.66
72.28	-0.66
72.35	-0.66
72.40	-0.66
72.47	-0.66
72.53	-0.66
72.60	-0.66
72.66	-0.66
72.72	-0.66
72.79	-0.66
72.85	-0.66
72.92	-0.66
72.98	-0.66
73.04	-0.66
73.11	-0.66
73.17	-0.66
73.24	-0.66
73.30	-0.66
73.36	-0.66
73.42	-0.66
73.49	-0.66
73.55	-0.66
73.61	-0.66
73.68	-0.66
73.74	-0.66
73.80	-0.66
73.86	-0.66
73.93	-0.67
74.00	-0.67
74.06	-0.67
74.12	-0.67
74.18	-0.67
74.24	-0.67
74.31	-0.67
74.37	-0.67
74.43	-0.67
74.50	-0.67
74.57	-0.67
74.63	-0.67
74.69	-0.67
74.75	-0.67
74.81	-0.67
74.88	-0.67
74.94	-0.67
75.01	-0.67
75.07	-0.67
75.13	-0.67
75.19	-0.67
75.26	-0.67
75.32	-0.67
75.38	-0.67
75.45	-0.67
75.51	-0.67
75.58	-0.67
75.63	-0.67
75.70	-0.67
75.76	-0.68
75.83	-0.68
75.89	-0.68
75.96	-0.68
76.02	-0.68
76.08	-0.68
76.14	-0.68
76.22	-0.68
76.28	-0.68
76.34	-0.68
76.40	-0.68
76.47	-0.68
76.53	-0.68
76.59	-0.68
76.65	-0.68
76.72	-0.68
76.78	-0.68
76.85	-0.68
76.90	-0.68
76.96	-0.68
77.03	-0.68
77.09	-0.68
77.15	-0.68
77.22	-0.68
77.28	-0.68
77.35	-0.68
77.41	-0.68
77.47	-0.68
77.54	-0.68
77.60	-0.68
77.66	-0.69
77.72	-0.69
77.79	-0.69
77.85	-0.69
77.91	-0.69
77.98	-0.69
78.04	-0.69
78.11	-0.69
78.17	-0.69
78.24	-0.69
78.30	-0.69
78.36	-0.69
78.43	-0.69
78.49	-0.69
78.55	-0.69
78.61	-0.69
78.68	-0.69
78.75	-0.69
78.81	-0.69
78.86	-0.69
78.94	-0.69
79.00	-0.69
79.06	-0.69
79.12	-0.69
79.18	-0.69
79.24	-0.69
79.31	-0.69
79.37	-0.69
79.43	-0.69
79.50	-0.69
79.56	-0.70
79.63	-0.70
79.68	-0.70
79.75	-0.70
79.81	-0.70
79.88	-0.70
79.94	-0.70
80.01	-0.70
80.07	-0.70
80.14	-0.70
80.20	-0.70
80.26	-0.70
80.32	-0.70
80.39	-0.70
80.45	-0.70
80.51	-0.70
80.58	-0.70
80.64	-0.70
80.70	-0.70
80.77	-0.70
80.83	-0.70
80.89	-0.70
80.95	-0.70
81.02	-0.70
81.08	-0.70
81.14	-0.70
81.21	-0.70
81.27	-0.71
81.34	-0.71
81.40	-0.71
81.46	-0.71
81.53	-0.71
81.59	-0.71
81.65	-0.71
81.71	-0.71
81.78	-0.71
81.84	-0.71
81.91	-0.71
81.97	-0.71
82.04	-0.71
82.09	-0.71
82.16	-0.71
82.22	-0.71
82.29	-0.71
82.35	-0.71
82.42	-0.71
82.48	-0.71
82.54	-0.71
82.61	-0.71
82.67	-0.71
82.73	-0.71
82.80	-0.71
82.86	-0.71
82.92	-0.72
83.00	-0.72
83.05	-0.72
83.11	-0.72
83.18	-0.72
83.24	-0.72
83.31	-0.72
83.36	-0.72
83.43	-0.72
83.49	-0.72
83.56	-0.72
83.62	-0.72
83.68	-0.72
83.74	-0.72
83.80	-0.72
83.87	-0.72
83.93	-0.72
84.00	-0.72
84.06	-0.72
84.13	-0.72
84.19	-0.72
84.25	-0.72
84.32	-0.72
84.38	-0.72
84.45	-0.72
84.50	-0.72
84.57	-0.72
84.63	-0.72
84.70	-0.72
84.75	-0.72
84.82	-0.73
84.88	-0.72
84.95	-0.72
85.01	-0.73
85.07	-0.73
85.14	-0.73
85.19	-0.73
85.26	-0.73
85.32	-0.73
85.39	-0.73
85.45	-0.73
85.51	-0.73
85.57	-0.73
85.63	-0.73
85.70	-0.73
85.76	-0.73
85.83	-0.73
85.89	-0.73
85.95	-0.73
86.02	-0.73
86.08	-0.73
86.15	-0.73
86.21	-0.73
86.27	-0.73
86.33	-0.73
86.40	-0.73
86.46	-0.73
86.52	-0.73
86.58	-0.73
86.64	-0.73
86.70	-0.73
86.77	-0.73
86.84	-0.73
86.89	-0.73
86.97	-0.73
87.03	-0.74
87.10	-0.74
87.16	-0.74
87.22	-0.74
87.28	-0.74
87.35	-0.74
87.41	-0.74
87.47	-0.74
87.53	-0.74
87.60	-0.74
87.66	-0.74
87.73	-0.74
87.79	-0.74
87.85	-0.74
87.91	-0.74
87.97	-0.74
88.04	-0.74
88.10	-0.74
88.16	-0.74
88.24	-0.74
88.29	-0.74
88.35	-0.74
88.42	-0.74
88.48	-0.74
88.55	-0.74
88.61	-0.74
88.67	-0.74
88.74	-0.74
88.80	-0.74
88.86	-0.74
88.92	-0.74
88.99	-0.74
89.05	-0.74
89.11	-0.75
89.18	-0.75
89.24	-0.75
89.30	-0.75
89.37	-0.75
89.43	-0.75
89.50	-0.75
89.56	-0.75
89.63	-0.75
89.69	-0.75
89.75	-0.75
89.81	-0.75
89.87	-0.75
89.93	-0.75
90.00	-0.75
90.07	-0.75
90.13	-0.75
90.19	-0.75
90.25	-0.75
90.32	-0.75
90.38	-0.75
90.45	-0.75
90.50	-0.75
90.58	-0.75
90.64	-0.75
90.70	-0.75
90.76	-0.75
90.82	-0.75
90.89	-0.75
90.95	-0.75
91.02	-0.75
91.08	-0.76
91.14	-0.76
91.21	-0.76
91.27	-0.76
91.33	-0.76
91.40	-0.76
91.45	-0.76
91.52	-0.76
91.59	-0.76
91.66	-0.76
91.72	-0.76
91.78	-0.76
91.85	-0.76
91.90	-0.76
91.97	-0.76
92.03	-0.76
92.09	-0.76
92.15	-0.76
92.21	-0.76
92.28	-0.76
92.35	-0.76
92.42	-0.76
92.48	-0.76
92.54	-0.76
92.60	-0.76
92.66	-0.76
92.73	-0.76
92.79	-0.76
92.85	-0.76
92.91	-0.76
92.98	-0.76
93.04	-0.76
93.11	-0.76
93.17	-0.76
93.24	-0.76
93.30	-0.76
93.36	-0.76
93.42	-0.76
93.48	-0.76
93.54	-0.76
93.61	-0.76
93.67	-0.76
93.73	-0.76
93.80	-0.76
93.86	-0.76
93.93	-0.77
93.99	-0.77
94.05	-0.77
94.11	-0.77
94.18	-0.77
94.24	-0.77
94.31	-0.77
94.37	-0.77
94.43	-0.77
94.49	-0.77
94.56	-0.77
94.62	-0.77
94.68	-0.77
94.74	-0.77
94.81	-0.77
94.87	-0.77
94.93	-0.77
95.00	-0.77
95.06	-0.77
95.13	-0.77
95.19	-0.77
95.25	-0.77
95.32	-0.77
95.38	-0.77
95.44	-0.77
95.51	-0.77
95.57	-0.77
95.63	-0.77
95.69	-0.77
95.76	-0.77
95.82	-0.77
95.88	-0.77
95.94	-0.77
96.00	-0.77
96.07	-0.77
96.13	-0.77
96.20	-0.77
96.26	-0.77
96.32	-0.77
96.39	-0.77
96.45	-0.77
96.51	-0.77
96.57	-0.77
96.64	-0.77
96.70	-0.77
96.77	-0.77
96.83	-0.77
96.90	-0.78
96.95	-0.78
97.02	-0.78
97.08	-0.78
97.14	-0.78
97.20	-0.78
97.27	-0.78
97.33	-0.78
97.39	-0.78
97.46	-0.78
97.52	-0.78
97.58	-0.78
97.65	-0.78
97.71	-0.78
97.77	-0.78
97.83	-0.78
97.89	-0.78
97.96	-0.78
98.02	-0.78
98.09	-0.78
98.16	-0.78
98.22	-0.78
98.28	-0.78
98.34	-0.78
98.40	-0.78
98.47	-0.78
98.53	-0.78
98.59	-0.78
98.66	-0.78
98.72	-0.78
98.78	-0.78
98.85	-0.78
98.90	-0.78
98.97	-0.78
99.03	-0.78
99.10	-0.79
99.16	-0.79
99.23	-0.79
99.29	-0.79
99.35	-0.79
99.42	-0.79
99.48	-0.79
99.54	-0.79
99.61	-0.79
99.67	-0.79
99.73	-0.79
99.79	-0.79
99.86	-0.79
99.92	-0.79
99.99	-0.79
100.05	-0.79
100.12	-0.79
100.17	-0.79
100.24	-0.79
100.30	-0.79
100.37	-0.79
100.43	-0.79
100.49	-0.79
100.55	-0.79
100.62	-0.79
100.69	-0.79
100.74	-0.79
100.81	-0.79
100.87	-0.79
100.93	-0.79
101.00	-0.79
101.06	-0.79
101.13	-0.79
101.19	-0.79
101.25	-0.79
101.31	-0.80
101.38	-0.80
101.44	-0.80
101.51	-0.80
101.57	-0.80
101.63	-0.80
101.69	-0.80
101.76	-0.80
101.83	-0.80
101.88	-0.80
101.95	-0.80
102.01	-0.80
102.07	-0.80
102.14	-0.80
102.20	-0.80
102.26	-0.80
102.32	-0.80
102.39	-0.80
102.46	-0.80
102.52	-0.80
102.58	-0.80
102.64	-0.80
102.70	-0.80
102.77	-0.80
102.83	-0.80
102.90	-0.80
102.96	-0.80
103.03	-0.80
103.08	-0.80
103.14	-0.80
103.21	-0.80
103.27	-0.80
103.34	-0.80
103.39	-0.80
103.46	-0.80
103.52	-0.80
103.59	-0.80
103.65	-0.80
103.72	-0.80
103.78	-0.80
103.84	-0.80
103.90	-0.81
103.96	-0.81
104.03	-0.81
104.09	-0.81
104.15	-0.81
104.21	-0.80
104.28	-0.81
104.34	-0.81
104.40	-0.81
104.47	-0.81
104.53	-0.81
104.59	-0.81
104.65	-0.81
104.71	-0.81
104.78	-0.81
104.85	-0.81
104.91	-0.81
104.97	-0.81
105.04	-0.81
105.10	-0.81
105.16	-0.81
105.22	-0.81
105.28	-0.81
105.35	-0.81
105.42	-0.81
105.48	-0.81
105.54	-0.81
105.60	-0.81
105.66	-0.81
105.73	-0.81
105.79	-0.81
105.85	-0.81
105.91	-0.81
105.98	-0.81
106.04	-0.81
106.10	-0.81
106.16	-0.81
106.23	-0.81
106.29	-0.81
106.35	-0.82
106.42	-0.82
106.48	-0.82
106.54	-0.82
106.60	-0.81
106.67	-0.81
106.73	-0.82
106.79	-0.82
106.86	-0.81
106.92	-0.82
106.98	-0.82
107.05	-0.82
107.11	-0.82
107.17	-0.82
107.24	-0.82
107.31	-0.82
107.37	-0.82
107.43	-0.82
107.49	-0.82
107.55	-0.82
107.61	-0.82
107.67	-0.82
107.73	-0.82
107.80	-0.82
107.87	-0.82
107.93	-0.82
107.99	-0.82
108.05	-0.82
108.11	-0.82
108.18	-0.82
108.24	-0.82
108.30	-0.82
108.37	-0.82
108.43	-0.82
108.50	-0.82
108.56	-0.82
108.62	-0.82
108.68	-0.82
108.75	-0.82
108.81	-0.82
108.87	-0.82
108.94	-0.82
109.00	-0.83
109.06	-0.83
109.12	-0.83
109.19	-0.82
109.26	-0.83
109.32	-0.83
109.38	-0.83
109.44	-0.83
109.51	-0.83
109.57	-0.83
109.63	-0.83
109.69	-0.83
109.76	-0.83
109.82	-0.83
109.89	-0.83
109.95	-0.83
110.02	-0.83
110.08	-0.83
110.14	-0.83
110.20	-0.83
110.26	-0.83
110.33	-0.83
110.39	-0.83
110.46	-0.83
110.52	-0.83
110.58	-0.83
110.64	-0.83
110.71	-0.83
110.77	-0.83
110.83	-0.83
110.89	-0.83
110.95	-0.83
111.01	-0.83
111.08	-0.83
111.14	-0.83
111.21	-0.83
111.27	-0.83
111.33	-0.83
111.40	-0.83
111.47	-0.83
111.53	-0.83
111.59	-0.83
111.65	-0.83
111.72	-0.83
111.78	-0.83
111.84	-0.83
111.90	-0.83
111.97	-0.84
112.03	-0.84
112.09	-0.84
112.16	-0.84
112.22	-0.84
112.28	-0.84
112.34	-0.84
112.41	-0.84
112.47	-0.84
112.54	-0.84
112.60	-0.84
112.66	-0.84
112.72	-0.84
112.78	-0.84
112.85	-0.84
112.92	-0.84
112.98	-0.84
113.04	-0.84
113.11	-0.84
113.16	-0.84
113.23	-0.84
113.29	-0.84
113.35	-0.84
113.41	-0.84
113.48	-0.84
113.54	-0.84
113.60	-0.84
113.67	-0.84
113.73	-0.84
113.79	-0.84
113.86	-0.84
113.92	-0.84
113.98	-0.84
114.04	-0.84
114.11	-0.84
114.17	-0.84
114.23	-0.84
114.29	-0.84
114.36	-0.84
114.42	-0.84
114.48	-0.84
114.54	-0.84
114.61	-0.84
114.67	-0.84
114.73	-0.84
114.80	-0.84
114.86	-0.84
114.92	-0.84
114.99	-0.85
115.05	-0.85
115.10	-0.85
115.18	-0.85
115.24	-0.85
115.30	-0.85
115.36	-0.85
115.42	-0.85
115.49	-0.85
115.55	-0.85
115.61	-0.85
115.68	-0.85
115.74	-0.85
115.80	-0.85
115.83	-0.85
115.90	-0.85
115.96	-0.85
116.02	-0.85
116.08	-0.85
116.15	-0.85
116.21	-0.85
116.28	-0.85
116.34	-0.85
116.40	-0.85
116.46	-0.85
116.53	-0.85
116.59	-0.85
116.65	-0.85
116.72	-0.85
116.78	-0.85
116.84	-0.85
116.90	-0.85
116.97	-0.85
117.03	-0.85
117.09	-0.85
117.16	-0.85
117.22	-0.85
117.28	-0.85
117.35	-0.85
117.41	-0.85
117.46	-0.85
117.53	-0.85
117.59	-0.85
117.66	-0.85
117.72	-0.85
117.78	-0.85
117.84	-0.85
117.91	-0.85
117.97	-0.85
118.03	-0.85
118.09	-0.86
118.16	-0.86
118.22	-0.86
118.28	-0.85
118.35	-0.86
118.41	-0.86
118.47	-0.86
118.53	-0.86
118.60	-0.86
118.66	-0.86
118.72	-0.86
118.79	-0.86
118.85	-0.86
118.91	-0.86
118.97	-0.86
119.04	-0.86
119.10	-0.86
119.17	-0.86
119.22	-0.86
119.29	-0.86
119.35	-0.86
119.41	-0.86
119.47	-0.86
119.54	-0.86
119.61	-0.86
119.67	-0.86
119.73	-0.86
119.79	-0.86
119.86	-0.86
119.92	-0.86
119.99	-0.86
120.05	-0.86
120.11	-0.86
120.18	-0.86
120.23	-0.86
120.31	-0.86
120.37	-0.86
120.43	-0.86
120.49	-0.86
120.56	-0.86
120.62	-0.86
120.68	-0.86
120.74	-0.86
120.80	-0.86
120.87	-0.86
120.93	-0.87
121.00	-0.87
121.05	-0.87
121.12	-0.87
121.19	-0.86
121.25	-0.86
121.31	-0.86
121.38	-0.86
121.44	-0.86
121.50	-0.86
121.57	-0.86
121.63	-0.86
121.69	-0.87
121.75	-0.87
121.82	-0.87
121.88	-0.87
121.94	-0.87
122.01	-0.87
122.07	-0.87
122.13	-0.87
122.20	-0.87
122.26	-0.87
122.32	-0.87
122.39	-0.87
122.45	-0.87
122.52	-0.87
122.58	-0.87
122.64	-0.87
122.71	-0.87
122.77	-0.87
122.83	-0.87
122.89	-0.87
122.95	-0.87
123.02	-0.87
123.08	-0.87
123.14	-0.87
123.21	-0.87
123.27	-0.87
123.33	-0.87
123.40	-0.87
123.46	-0.87
123.52	-0.87
123.58	-0.87
123.65	-0.87
123.71	-0.87
123.77	-0.87
123.83	-0.87
123.89	-0.87
123.96	-0.87
124.03	-0.87
124.09	-0.87
124.15	-0.87
124.21	-0.87
124.28	-0.87
124.34	-0.87
124.40	-0.87
124.47	-0.87
124.53	-0.87
124.59	-0.87
124.66	-0.87
124.72	-0.87
124.79	-0.87
124.85	-0.87
124.91	-0.87
124.97	-0.87
125.04	-0.87
125.10	-0.87
125.16	-0.87
125.22	-0.87
125.29	-0.87
125.35	-0.87
125.41	-0.87
125.48	-0.87
125.54	-0.88
125.60	-0.88
125.66	-0.88
125.73	-0.88
125.79	-0.88
125.86	-0.88
125.92	-0.88
125.98	-0.88
126.04	-0.88
126.10	-0.88
126.17	-0.88
126.23	-0.88
126.29	-0.88
126.35	-0.88
126.42	-0.88
126.48	-0.88
126.54	-0.88
126.61	-0.88
126.67	-0.88
126.74	-0.88
126.79	-0.88
126.86	-0.88
126.93	-0.88
126.99	-0.88
127.05	-0.88
127.12	-0.88
127.18	-0.88
127.24	-0.88
127.30	-0.88
127.37	-0.88
127.43	-0.88
127.49	-0.88
127.55	-0.88
127.62	-0.88
127.68	-0.88
127.74	-0.88
127.80	-0.88
127.87	-0.88
127.93	-0.88
127.99	-0.88
128.06	-0.88
128.12	-0.88
128.18	-0.88
128.25	-0.88
128.31	-0.88
128.38	-0.88
128.43	-0.88
128.50	-0.88
128.56	-0.88
128.63	-0.88
128.69	-0.88
128.75	-0.88
128.82	-0.88
128.88	-0.88
128.94	-0.88
129.00	-0.88
129.07	-0.88
129.13	-0.88
129.19	-0.88
129.26	-0.88
129.32	-0.88
129.38	-0.88
129.44	-0.89
129.51	-0.88
129.57	-0.89
129.63	-0.89
129.70	-0.89
129.76	-0.89
129.82	-0.89
129.88	-0.89
129.95	-0.89
130.01	-0.89
130.08	-0.89
130.14	-0.89
130.20	-0.89
130.27	-0.89
130.33	-0.89
130.40	-0.89
130.46	-0.89
130.52	-0.89
130.58	-0.89
130.65	-0.89
130.71	-0.89
130.77	-0.89
130.83	-0.89
130.90	-0.89
130.96	-0.89
131.02	-0.89
131.09	-0.89
131.15	-0.89
131.22	-0.89
131.27	-0.89
131.34	-0.89
131.41	-0.89
131.47	-0.89
131.53	-0.89
131.60	-0.89
131.66	-0.89
131.72	-0.89
131.79	-0.89
131.85	-0.89
131.92	-0.89
131.97	-0.89
132.04	-0.89
132.10	-0.89
132.17	-0.89
132.23	-0.89
132.29	-0.89
132.35	-0.89
132.42	-0.89
132.48	-0.89
132.54	-0.89
132.61	-0.89
132.67	-0.89
132.74	-0.89
132.80	-0.89
132.86	-0.90
132.92	-0.90
132.99	-0.90
133.05	-0.90
133.11	-0.89
133.18	-0.89
133.24	-0.89
133.31	-0.89
133.37	-0.89
133.43	-0.89
133.49	-0.89
133.56	-0.90
133.62	-0.90
133.68	-0.90
133.74	-0.90
133.80	-0.90
133.87	-0.90
133.93	-0.90
134.00	-0.90
134.06	-0.90
134.12	-0.90
134.18	-0.90
134.25	-0.90
134.31	-0.90
134.37	-0.90
134.44	-0.90
134.49	-0.90
134.56	-0.90
134.62	-0.90
134.69	-0.90
134.75	-0.90
134.81	-0.90
134.87	-0.90
134.93	-0.90
135.00	-0.90
135.06	-0.90
135.13	-0.90
135.19	-0.90
135.26	-0.90
135.31	-0.90
135.38	-0.90
135.44	-0.90
135.50	-0.90
135.57	-0.90
135.63	-0.90
135.70	-0.90
135.76	-0.90
135.83	-0.90
135.89	-0.90
135.95	-0.90
136.01	-0.90
136.08	-0.90
136.14	-0.90
136.20	-0.90
136.27	-0.90
136.33	-0.90
136.39	-0.90
136.45	-0.90
136.52	-0.90
136.57	-0.90
136.64	-0.90
136.70	-0.90
136.77	-0.90
136.83	-0.90
136.89	-0.90
136.96	-0.90
137.02	-0.90
137.08	-0.90
137.15	-0.91
137.21	-0.91
137.27	-0.90
137.34	-0.90
137.40	-0.90
137.46	-0.91
137.53	-0.91
137.59	-0.91
137.65	-0.91
137.71	-0.91
137.78	-0.91
137.84	-0.91
137.91	-0.91
137.97	-0.91
138.03	-0.91
138.09	-0.91
138.16	-0.91
138.22	-0.91
138.28	-0.91
138.35	-0.91
138.41	-0.91
138.47	-0.91
138.53	-0.91
138.60	-0.91
138.66	-0.91
138.72	-0.91
138.78	-0.91
138.85	-0.91
138.92	-0.91
138.98	-0.91
139.04	-0.91
139.10	-0.91
139.17	-0.91
139.23	-0.91
139.29	-0.91
139.36	-0.91
139.42	-0.91
139.48	-0.91
139.54	-0.91
139.61	-0.91
139.67	-0.91
139.73	-0.91
139.80	-0.91
139.86	-0.91
139.92	-0.91
139.99	-0.91
140.05	-0.91
140.11	-0.91
140.18	-0.91
140.23	-0.91
140.30	-0.91
140.36	-0.91
140.43	-0.91
140.49	-0.91
140.56	-0.91
140.62	-0.91
140.68	-0.91
140.75	-0.91
140.81	-0.91
140.88	-0.91
140.94	-0.91
141.00	-0.91
141.06	-0.91
141.13	-0.91
141.19	-0.91
141.26	-0.91
141.32	-0.91
141.38	-0.91
141.44	-0.91
141.50	-0.91
141.57	-0.91
141.63	-0.91
141.69	-0.91
141.76	-0.91
141.82	-0.91
141.89	-0.91
141.94	-0.91
142.01	-0.91
142.07	-0.91
142.14	-0.91
142.20	-0.92
142.26	-0.92
142.33	-0.92
142.39	-0.92
142.45	-0.91
142.52	-0.92
142.58	-0.92
142.63	-0.92
142.70	-0.91
142.76	-0.91
142.83	-0.92
142.89	-0.92
142.95	-0.92
143.02	-0.92
143.08	-0.92
143.14	-0.92
143.21	-0.92
143.27	-0.92
143.33	-0.92
143.40	-0.92
143.45	-0.92
143.52	-0.92
143.59	-0.92
143.65	-0.92
143.71	-0.92
143.77	-0.92
143.84	-0.92
143.90	-0.92
143.96	-0.92
144.02	-0.92
144.09	-0.92
144.15	-0.92
144.22	-0.92
144.28	-0.92
144.34	-0.92
144.40	-0.92
144.47	-0.92
144.53	-0.92
144.60	-0.92
144.66	-0.92
144.72	-0.92
144.79	-0.92
144.85	-0.92
144.91	-0.92
144.97	-0.92
145.03	-0.92
145.10	-0.92
145.16	-0.92
145.22	-0.92
145.28	-0.92
145.35	-0.92
145.41	-0.92
145.48	-0.92
145.54	-0.92
145.60	-0.92
145.66	-0.92
145.72	-0.92
145.79	-0.92
145.86	-0.92
145.92	-0.92
145.98	-0.92
146.04	-0.92
146.11	-0.92
146.17	-0.92
146.24	-0.92
146.29	-0.92
146.36	-0.92
146.42	-0.92
146.49	-0.92
146.55	-0.92
146.61	-0.92
146.67	-0.92
146.74	-0.92
146.80	-0.92
146.86	-0.92
146.93	-0.92
146.99	-0.92
147.06	-0.92
147.12	-0.92
147.18	-0.92
147.24	-0.92
147.31	-0.92
147.37	-0.92
147.43	-0.92
147.49	-0.92
147.56	-0.92
147.62	-0.92
147.68	-0.92
147.75	-0.92
147.81	-0.93
147.87	-0.93
147.94	-0.93
148.00	-0.93
148.06	-0.93
148.12	-0.93
148.18	-0.93
148.25	-0.93
148.32	-0.93
148.38	-0.93
148.45	-0.93
148.51	-0.93
148.57	-0.93
148.63	-0.93
148.69	-0.93
148.75	-0.93
148.82	-0.93
148.88	-0.93
148.95	-0.93
149.01	-0.93
149.07	-0.93
149.14	-0.93
149.20	-0.93
149.26	-0.93
149.33	-0.93
149.39	-0.93
149.45	-0.93
149.52	-0.93
149.59	-0.93
149.65	-0.93
149.71	-0.93
149.76	-0.93
149.83	-0.93
149.89	-0.93
149.96	-0.93
150.02	-0.93
150.08	-0.93
150.14	-0.93
150.21	-0.93
150.28	-0.93
150.33	-0.93
150.40	-0.93
150.46	-0.93
150.53	-0.93
150.59	-0.93
150.65	-0.93
150.72	-0.93
150.78	-0.93
150.85	-0.93
150.91	-0.93
150.97	-0.93
151.03	-0.93
151.10	-0.94
151.16	-0.94
151.23	-0.94
151.29	-0.94
151.36	-0.93
151.42	-0.93
151.49	-0.93
151.55	-0.93
151.61	-0.93
151.67	-0.93
151.73	-0.93
151.80	-0.93
151.86	-0.93
151.93	-0.93
151.99	-0.93
152.05	-0.93
152.12	-0.93
152.18	-0.93
152.24	-0.93
152.31	-0.93
152.37	-0.93
152.43	-0.93
152.50	-0.93
152.56	-0.93
152.63	-0.93
152.69	-0.93
152.75	-0.93
152.81	-0.93
152.87	-0.93
152.94	-0.93
153.00	-0.93
153.07	-0.93
153.13	-0.93
153.19	-0.94
153.25	-0.94
153.32	-0.94
153.38	-0.94
153.44	-0.94
153.51	-0.94
153.57	-0.94
153.64	-0.94
153.69	-0.94
153.76	-0.94
153.82	-0.94
153.89	-0.94
153.95	-0.94
154.02	-0.94
154.08	-0.94
154.14	-0.94
154.21	-0.94
154.27	-0.94
154.33	-0.94
154.40	-0.94
154.46	-0.94
154.53	-0.94
154.59	-0.94
154.65	-0.94
154.72	-0.94
154.78	-0.94
154.84	-0.94
154.91	-0.94
154.97	-0.94
155.03	-0.94
155.09	-0.94
155.16	-0.94
155.22	-0.94
155.29	-0.94
155.35	-0.94
155.41	-0.95
155.47	-0.97
155.52	-1.03
155.58	-1.16
155.62	-1.35
155.67	-1.59
155.71	-1.86
155.76	-2.13
155.80	-2.40
155.85	-2.66
155.90	-2.88
155.96	-3.06
156.01	-3.19
156.08	-3.28
156.18	-3.18
156.27	-2.81
156.37	-2.31
156.45	-1.88
156.52	-1.58
156.60	-1.38
156.67	-1.24
156.74	-1.14
156.80	-1.08
156.87	-1.04
156.93	-1.01
157.00	-0.99
157.06	-0.97
157.12	-0.96
157.19	-0.96
157.25	-0.95
157.31	-0.95
157.38	-0.95
157.44	-0.95
157.50	-0.95
157.57	-0.95
157.63	-0.95
157.70	-0.95
157.76	-0.94
157.82	-0.94
157.89	-0.94
157.95	-0.94
158.02	-0.94
158.08	-0.94
158.14	-0.94
158.20	-0.94
158.27	-0.94
158.33	-0.94
158.40	-0.94
158.46	-0.95
158.52	-0.95
158.59	-0.95
158.65	-0.95
158.72	-0.95
158.78	-0.95
158.84	-0.95
158.90	-0.95
158.97	-0.95
159.03	-0.95
159.10	-0.95
159.16	-0.95
159.23	-0.95
159.29	-0.95
159.35	-0.95
159.41	-0.95
159.48	-0.95
159.54	-0.95
159.60	-0.95
159.67	-0.95
159.73	-0.95
159.79	-0.95
159.86	-0.95
159.92	-0.95
159.98	-0.95
160.04	-0.95
160.11	-0.95
160.18	-0.95
160.24	-0.95
160.30	-0.95
160.36	-0.95
160.43	-0.95
160.49	-0.95
160.56	-0.95
160.62	-0.95
160.68	-0.95
160.75	-0.95
160.81	-0.95
160.88	-0.95
160.94	-0.95
161.00	-0.95
161.06	-0.95
161.13	-0.95
161.19	-0.95
161.26	-0.95
161.32	-0.95
161.39	-0.95
161.45	-0.95
161.51	-0.95
161.57	-0.95
161.64	-0.95
161.71	-0.95
161.77	-0.95
161.83	-0.95
161.89	-0.95
161.96	-0.95
162.02	-0.95
162.08	-0.95
162.15	-0.95
162.21	-0.95
162.27	-0.95
162.34	-0.95
162.40	-0.95
162.46	-0.95
162.53	-0.95
162.59	-0.95
162.66	-0.95
162.72	-0.95
162.79	-0.95
162.85	-0.95
162.91	-0.95
162.98	-0.95
163.04	-0.95
163.11	-0.95
163.17	-0.95
163.23	-0.95
163.29	-0.95
163.36	-0.95
163.42	-0.95
163.49	-0.95
163.55	-0.95
163.61	-0.95
163.68	-0.96
163.74	-0.96
163.81	-0.96
163.87	-0.96
163.93	-0.96
164.00	-0.96
164.06	-0.96
164.12	-0.96
164.18	-0.96
164.25	-0.96
164.31	-0.96
164.38	-0.96
164.44	-0.96
164.51	-0.96
164.57	-0.96
164.64	-0.96
164.70	-0.96
164.76	-0.96
164.83	-0.96
164.89	-0.96
164.96	-0.96
165.02	-0.96
165.08	-0.96
165.14	-0.96
165.21	-0.96
165.27	-0.96
165.33	-0.96
165.39	-0.96
165.46	-0.96
165.53	-0.96
165.59	-0.96
165.66	-0.96
165.72	-0.96
165.79	-0.96
165.85	-0.96
165.91	-0.96
165.98	-0.96
166.04	-0.96
166.11	-0.96
166.16	-0.96
166.23	-0.96
166.29	-0.96
166.36	-0.96
166.42	-0.96
166.49	-0.96
166.55	-0.96
166.61	-0.96
166.68	-0.96
166.74	-0.96
166.80	-0.96
166.87	-0.96
166.93	-0.96
167.00	-0.96
167.06	-0.96
167.12	-0.96
167.19	-0.96
167.24	-0.96
167.31	-0.96
167.37	-0.96
167.43	-0.96
167.50	-0.96
167.56	-0.96
167.63	-0.96
167.69	-0.96
167.76	-0.96
167.82	-0.96
167.88	-0.96
167.95	-0.96
168.01	-0.96
168.08	-0.96
168.14	-0.96
168.20	-0.96
168.26	-0.96
168.33	-0.96
168.39	-0.96
168.46	-0.96
168.51	-0.96
168.58	-0.97
168.65	-0.96
168.71	-0.96
168.78	-0.96
168.84	-0.96
168.91	-0.96
168.97	-0.96
169.03	-0.96
169.10	-0.96
169.16	-0.96
169.22	-0.96
169.29	-0.97
169.35	-0.96
169.41	-0.96
169.48	-0.97
169.54	-0.97
169.61	-0.97
169.67	-0.97
169.73	-0.97
169.79	-0.97
169.86	-0.97
169.93	-0.97
169.98	-0.97
170.05	-0.97
170.11	-0.97
170.18	-0.97
170.24	-0.97
170.31	-0.97
170.37	-0.97
170.43	-0.97
170.50	-0.97
170.56	-0.97
170.62	-0.97
170.68	-0.97
170.75	-0.97
170.81	-0.97
170.88	-0.97
170.94	-0.97
171.01	-0.97
171.07	-0.97
171.14	-0.97
171.20	-0.97
171.26	-0.97
171.33	-0.97
171.40	-0.97
171.46	-0.97
171.52	-0.97
171.59	-0.97
171.65	-0.97
171.71	-0.97
171.76	-0.97
171.80	-0.96
171.84	-0.95
171.87	-0.95
171.90	-0.94
171.92	-0.93
171.94	-0.92
171.95	-0.92
171.97	-0.91
171.97	-0.91
171.98	-0.90
171.99	-0.90
171.99	-0.90
172.00	-0.90
172.00	-0.90
172.00	-0.89
172.00	-0.89
172.01	-0.89
172.01	-0.89
172.01	-0.89
172.01	-0.89
172.01	-0.89
172.02	-0.89
172.02	-0.89
172.02	-0.89
172.01	-0.89
172.02	-0.89
172.02	-0.89
172.02	-0.89
172.02	-0.89
172.02	-0.89
172.02	-0.89
172.02	-0.89
172.02	-0.89
172.02	-0.89
172.03	-0.89
172.02	-0.89
172.03	-0.89
172.02	-0.89
172.02	-0.89
172.02	-0.89
172.03	-0.89
172.03	-0.89
172.02	-0.89
172.03	-0.89
172.02	-0.89
172.02	-0.89
172.02	-0.89
172.02	-0.90
172.03	-0.90
172.02	-0.90
172.02	-0.90
172.02	-0.90
172.02	-0.90
172.02	-0.90
172.03	-0.90
172.02	-0.90
172.03	-0.90
172.03	-0.90
172.02	-0.90
172.01	-0.90
171.99	-0.89
171.97	-0.88
171.93	-0.87
171.90	-0.86
171.85	-0.86
171.81	-0.85
171.76	-0.84
171.71	-0.84
171.65	-0.83
171.59	-0.83
171.54	-0.82
171.48	-0.82
171.42	-0.82
171.36	-0.82
171.30	-0.82
171.23	-0.82
171.17	-0.82
171.11	-0.82
171.05	-0.82
170.99	-0.82
170.93	-0.82
170.86	-0.82
170.80	-0.82
170.73	-0.82
170.67	-0.82
170.61	-0.82
170.54	-0.82
170.48	-0.82
170.42	-0.82
170.35	-0.82
170.29	-0.82
170.23	-0.82
170.17	-0.82
170.10	-0.82
170.04	-0.82
169.97	-0.82
169.91	-0.82
169.84	-0.82
169.79	-0.82
169.72	-0.82
169.66	-0.82
169.59	-0.82
169.53	-0.82
169.47	-0.82
169.40	-0.82
169.34	-0.82
169.28	-0.82
169.22	-0.82
169.15	-0.82
169.08	-0.82
169.03	-0.82
168.96	-0.82
168.90	-0.82
168.83	-0.82
168.77	-0.82
168.71	-0.82
168.64	-0.82
168.58	-0.82
168.52	-0.82
168.45	-0.82
168.39	-0.82
168.33	-0.82
168.26	-0.82
168.20	-0.82
168.13	-0.82
168.07	-0.82
168.01	-0.82
167.94	-0.82
167.88	-0.82
167.82	-0.82
167.76	-0.82
167.69	-0.82
167.63	-0.82
167.56	-0.82
167.50	-0.82
167.43	-0.82
167.37	-0.82
167.31	-0.82
167.24	-0.82
167.18	-0.82
167.12	-0.82
167.05	-0.82
166.99	-0.82
166.93	-0.82
166.86	-0.82
166.80	-0.82
166.74	-0.82
166.68	-0.82
166.61	-0.82
166.55	-0.82
166.49	-0.82
166.42	-0.82
166.36	-0.82
166.29	-0.82
166.23	-0.82
166.17	-0.82
166.11	-0.82
166.04	-0.82
165.97	-0.82
165.91	-0.82
165.85	-0.82
165.79	-0.82
165.72	-0.82
165.66	-0.82
165.59	-0.82
165.53	-0.82
165.47	-0.82
165.41	-0.82
165.34	-0.82
165.28	-0.82
165.22	-0.82
165.15	-0.82
165.09	-0.82
165.02	-0.82
164.96	-0.82
164.89	-0.82
164.83	-0.82
164.77	-0.82
164.71	-0.82
164.64	-0.82
164.58	-0.82
164.52	-0.82
164.45	-0.82
164.39	-0.82
164.32	-0.82
164.27	-0.82
164.20	-0.82
164.14	-0.82
164.07	-0.82
164.01	-0.82
163.95	-0.82
163.88	-0.82
163.82	-0.82
163.75	-0.82
163.69	-0.82
163.63	-0.82
163.56	-0.82
163.50	-0.82
163.44	-0.82
163.37	-0.82
163.31	-0.82
163.25	-0.82
163.18	-0.82
163.12	-0.82
163.05	-0.82
162.99	-0.82
162.93	-0.82
162.87	-0.82
162.80	-0.82
162.74	-0.82
162.68	-0.82
162.61	-0.82
162.55	-0.81
162.49	-0.81
162.42	-0.81
162.36	-0.81
162.30	-0.81
162.23	-0.81
162.17	-0.81
162.10	-0.82
162.04	-0.81
161.98	-0.81
161.91	-0.81
161.85	-0.81
161.79	-0.81
161.73	-0.81
161.66	-0.81
161.60	-0.81
161.53	-0.81
161.47	-0.81
161.41	-0.81
161.34	-0.81
161.28	-0.81
161.22	-0.81
161.15	-0.81
161.09	-0.81
161.03	-0.81
160.96	-0.81
160.90	-0.81
160.84	-0.81
160.77	-0.81
160.71	-0.81
160.64	-0.81
160.58	-0.81
160.51	-0.81
160.45	-0.81
160.39	-0.81
160.33	-0.81
160.27	-0.81
160.20	-0.81
160.14	-0.81
160.08	-0.81
160.01	-0.81
159.94	-0.81
159.88	-0.81
159.82	-0.81
159.76	-0.81
159.69	-0.81
159.63	-0.81
159.57	-0.81
159.51	-0.81
159.44	-0.81
159.38	-0.81
159.32	-0.81
159.25	-0.81
159.19	-0.81
159.13	-0.81
159.06	-0.81
159.00	-0.81
158.93	-0.81
158.87	-0.81
158.81	-0.81
158.75	-0.81
158.68	-0.81
158.62	-0.81
158.56	-0.81
158.50	-0.81
158.43	-0.81
158.37	-0.81
158.31	-0.81
158.24	-0.81
158.18	-0.81
158.11	-0.81
158.05	-0.81
157.98	-0.81
157.93	-0.81
157.86	-0.81
157.80	-0.81
157.74	-0.81
157.67	-0.81
157.61	-0.81
157.54	-0.81
157.48	-0.81
157.41	-0.81
157.35	-0.81
157.29	-0.81
157.22	-0.81
157.16	-0.81
157.10	-0.81
157.04	-0.81
156.97	-0.81
156.90	-0.81
156.84	-0.81
156.78	-0.81
156.72	-0.81
156.65	-0.81
156.59	-0.81
156.52	-0.81
156.46	-0.81
156.40	-0.81
156.33	-0.81
156.27	-0.81
156.21	-0.81
156.15	-0.81
156.09	-0.81
156.01	-0.81
155.96	-0.81
155.89	-0.81
155.84	-0.81
155.77	-0.81
155.70	-0.81
155.64	-0.80
155.58	-0.80
155.51	-0.80
155.45	-0.81
155.38	-0.81
155.32	-0.80
155.26	-0.80
155.19	-0.81
155.13	-0.81
155.07	-0.81
155.01	-0.81
154.94	-0.81
154.88	-0.81
154.82	-0.81
154.75	-0.81
154.69	-0.80
154.62	-0.80
154.56	-0.80
154.50	-0.80
154.44	-0.80
154.38	-0.80
154.31	-0.80
154.25	-0.80
154.18	-0.80
154.12	-0.80
154.05	-0.80
153.99	-0.80
153.93	-0.80
153.86	-0.80
153.80	-0.80
153.76	-0.76
153.89	-0.00
153.97	1.87
153.87	3.64
153.72	3.79
153.59	2.74
153.47	1.66
153.37	0.88
153.28	0.34
153.20	-0.02
153.13	-0.27
153.06	-0.44
153.00	-0.56
152.92	-0.63
152.86	-0.69
152.80	-0.72
152.73	-0.75
152.67	-0.76
152.60	-0.77
152.54	-0.78
152.47	-0.79
152.42	-0.79
152.35	-0.79
152.29	-0.80
152.22	-0.80
152.16	-0.80
152.10	-0.80
152.03	-0.80
151.97	-0.80
151.90	-0.80
151.85	-0.80
151.78	-0.80
151.71	-0.80
151.65	-0.80
151.59	-0.80
151.52	-0.80
151.46	-0.80
151.40	-0.80
151.33	-0.80
151.28	-0.80
151.21	-0.80
151.15	-0.80
151.08	-0.80
151.02	-0.80
150.96	-0.80
150.90	-0.80
150.84	-0.80
150.77	-0.80
150.71	-0.80
150.64	-0.80
150.58	-0.80
150.51	-0.80
150.45	-0.80
150.39	-0.80
150.32	-0.80
150.26	-0.80
150.20	-0.80
150.13	-0.80
150.07	-0.80
150.01	-0.80
149.94	-0.80
149.88	-0.80
149.82	-0.80
149.76	-0.80
149.70	-0.80
149.63	-0.80
149.57	-0.80
149.51	-0.80
149.44	-0.79
149.38	-0.80
149.32	-0.80
149.25	-0.79
149.19	-0.79
149.12	-0.79
149.06	-0.79
149.00	-0.79
148.93	-0.79
148.87	-0.79
148.80	-0.79
148.74	-0.79
148.68	-0.79
148.62	-0.79
148.55	-0.79
148.49	-0.79
148.43	-0.79
148.37	-0.79
148.31	-0.79
148.24	-0.79
148.18	-0.79
148.12	-0.79
148.05	-0.79
147.99	-0.79
147.93	-0.79
147.86	-0.79
147.80	-0.79
147.74	-0.79
147.67	-0.79
147.61	-0.79
147.55	-0.79
147.49	-0.79
147.42	-0.79
147.36	-0.79
147.30	-0.79
147.23	-0.79
147.17	-0.79
147.10	-0.79
147.04	-0.79
146.97	-0.79
146.91	-0.79
146.85	-0.79
146.79	-0.79
146.72	-0.79
146.66	-0.79
146.60	-0.79
146.54	-0.79
146.47	-0.79
146.41	-0.79
146.34	-0.79
146.28	-0.79
146.22	-0.79
146.16	-0.79
146.09	-0.79
146.03	-0.79
145.96	-0.79
145.90	-0.79
145.84	-0.79
145.78	-0.79
145.72	-0.79
145.66	-0.79
145.59	-0.79
145.53	-0.79
145.46	-0.79
145.40	-0.79
145.33	-0.79
145.28	-0.79
145.21	-0.79
145.15	-0.79
145.08	-0.79
145.02	-0.79
144.96	-0.79
144.89	-0.79
144.84	-0.79
144.77	-0.79
144.71	-0.79
144.65	-0.79
144.58	-0.79
144.52	-0.79
144.46	-0.79
144.40	-0.79
144.34	-0.79
144.27	-0.79
144.21	-0.79
144.14	-0.79
144.08	-0.79
144.02	-0.79
143.95	-0.79
143.89	-0.78
143.83	-0.78
143.76	-0.79
143.70	-0.79
143.64	-0.79
143.57	-0.79
143.51	-0.79
143.45	-0.78
143.38	-0.78
143.32	-0.79
143.26	-0.79
143.19	-0.79
143.13	-0.79
143.07	-0.79
143.01	-0.79
142.94	-0.79
142.88	-0.79
142.82	-0.78
142.75	-0.78
142.69	-0.78
142.63	-0.78
142.56	-0.78
142.50	-0.78
142.44	-0.78
142.37	-0.78
142.31	-0.78
142.25	-0.78
142.19	-0.78
142.12	-0.78
142.06	-0.78
142.00	-0.78
141.94	-0.78
141.87	-0.78
141.81	-0.78
141.75	-0.78
141.68	-0.78
141.62	-0.78
141.55	-0.78
141.49	-0.78
141.43	-0.78
141.37	-0.78
141.30	-0.78
141.23	-0.78
141.17	-0.78
141.11	-0.78
141.06	-0.78
140.99	-0.78
140.92	-0.78
140.86	-0.78
140.80	-0.78
140.73	-0.78
140.66	-0.78
140.60	-0.78
140.54	-0.78
140.48	-0.78
140.41	-0.78
140.35	-0.78
140.29	-0.78
140.22	-0.78
140.16	-0.78
140.09	-0.78
140.03	-0.78
139.97	-0.78
139.91	-0.78
139.84	-0.78
139.78	-0.78
139.71	-0.78
139.65	-0.78
139.59	-0.78
139.53	-0.78
139.46	-0.78
139.40	-0.78
139.34	-0.78
139.27	-0.78
139.21	-0.78
139.15	-0.78
139.09	-0.78
139.02	-0.78
138.96	-0.78
138.89	-0.77
138.83	-0.77
138.77	-0.77
138.70	-0.77
138.65	-0.77
138.58	-0.77
138.52	-0.77
138.45	-0.78
138.39	-0.78
138.33	-0.78
138.27	-0.78
138.19	-0.78
138.14	-0.77
138.08	-0.77
138.01	-0.77
137.95	-0.78
137.88	-0.77
137.82	-0.77
137.76	-0.77
137.70	-0.77
137.63	-0.77
137.57	-0.77
137.51	-0.77
137.44	-0.77
137.38	-0.77
137.32	-0.77
137.26	-0.77
137.19	-0.77
137.13	-0.77
137.07	-0.77
137.00	-0.77
136.94	-0.77
136.88	-0.77
136.82	-0.77
136.75	-0.77
136.69	-0.77
136.63	-0.77
136.56	-0.77
136.50	-0.77
136.44	-0.77
136.38	-0.77
136.31	-0.77
136.25	-0.77
136.19	-0.77
136.13	-0.77
136.06	-0.77
136.00	-0.77
135.93	-0.77
135.87	-0.77
135.80	-0.77
135.74	-0.77
135.68	-0.77
135.62	-0.77
135.56	-0.77
135.49	-0.77
135.43	-0.77
135.37	-0.77
135.31	-0.77
135.24	-0.77
135.17	-0.77
135.11	-0.77
135.05	-0.77
134.99	-0.77
134.93	-0.77
134.87	-0.77
134.80	-0.77
134.74	-0.77
134.68	-0.77
134.61	-0.77
134.55	-0.77
134.48	-0.77
134.41	-0.77
134.35	-0.77
134.30	-0.77
134.23	-0.77
134.16	-0.76
134.10	-0.76
134.04	-0.76
133.97	-0.77
133.91	-0.77
133.85	-0.77
133.78	-0.77
133.72	-0.76
133.66	-0.77
133.60	-0.77
133.53	-0.76
133.47	-0.76
133.41	-0.76
133.35	-0.76
133.28	-0.76
133.22	-0.76
133.16	-0.76
133.10	-0.76
133.03	-0.76
132.97	-0.76
132.91	-0.76
132.84	-0.76
132.78	-0.76
132.71	-0.76
132.65	-0.76
132.59	-0.76
132.52	-0.76
132.46	-0.76
132.40	-0.76
132.34	-0.76
132.27	-0.76
132.21	-0.76
132.14	-0.76
132.08	-0.76
132.02	-0.76
131.95	-0.76
131.89	-0.76
131.83	-0.76
131.77	-0.76
131.70	-0.76
131.64	-0.76
131.57	-0.76
131.51	-0.76
131.45	-0.76
131.39	-0.76
131.32	-0.76
131.26	-0.76
131.20	-0.76
131.13	-0.76
131.08	-0.76
131.01	-0.76
130.95	-0.76
130.88	-0.76
130.82	-0.76
130.75	-0.76
130.70	-0.76
130.63	-0.76
130.57	-0.76
130.50	-0.76
130.44	-0.76
130.38	-0.76
130.32	-0.75
130.25	-0.75
130.18	-0.75
130.12	-0.76
130.06	-0.76
130.00	-0.76
129.94	-0.76
129.88	-0.76
129.82	-0.76
129.75	-0.76
129.68	-0.75
129.62	-0.75
129.56	-0.75
129.49	-0.75
129.43	-0.75
129.37	-0.75
129.30	-0.75
129.24	-0.75
129.18	-0.75
129.12	-0.75
129.05	-0.75
128.99	-0.75
128.92	-0.75
128.86	-0.75
128.80	-0.75
128.74	-0.75
128.67	-0.75
128.61	-0.75
128.55	-0.75
128.48	-0.75
128.42	-0.75
128.36	-0.75
128.29	-0.75
128.23	-0.75
128.17	-0.75
128.10	-0.75
128.04	-0.75
127.98	-0.75
127.91	-0.75
127.85	-0.75
127.78	-0.75
127.72	-0.75
127.66	-0.75
127.60	-0.75
127.53	-0.75
127.47	-0.75
127.41	-0.75
127.34	-0.75
127.28	-0.75
127.22	-0.75
127.16	-0.75
127.09	-0.75
127.03	-0.75
126.96	-0.75
126.91	-0.75
126.84	-0.75
126.78	-0.75
126.72	-0.75
126.65	-0.75
126.59	-0.75
126.53	-0.75
126.46	-0.75
126.40	-0.75
126.34	-0.75
126.27	-0.75
126.21	-0.75
126.15	-0.75
126.09	-0.75
126.02	-0.74
125.96	-0.74
125.90	-0.74
125.83	-0.74
125.77	-0.74
125.70	-0.74
125.64	-0.74
125.58	-0.74
125.52	-0.74
125.45	-0.74
125.38	-0.74
125.32	-0.74
125.26	-0.74
125.20	-0.74
125.14	-0.74
125.08	-0.74
125.01	-0.74
124.95	-0.74
124.88	-0.74
124.82	-0.74
124.76	-0.74
124.70	-0.74
124.63	-0.74
124.57	-0.74
124.51	-0.74
124.44	-0.74
124.38	-0.74
124.31	-0.74
124.26	-0.74
124.19	-0.74
124.13	-0.74
124.07	-0.74
124.01	-0.74
123.94	-0.74
123.88	-0.74
123.82	-0.74
123.75	-0.74
123.69	-0.74
123.63	-0.74
123.56	-0.74
123.50	-0.74
123.43	-0.74
123.37	-0.74
123.31	-0.74
123.25	-0.74
123.18	-0.74
123.12	-0.74
123.06	-0.74
122.99	-0.74
122.93	-0.74
122.88	-0.74
122.81	-0.74
122.74	-0.74
122.68	-0.74
122.61	-0.73
122.55	-0.74
122.48	-0.74
122.42	-0.74
122.36	-0.74
122.29	-0.74
122.24	-0.74
122.17	-0.74
122.11	-0.73
122.05	-0.73
121.98	-0.73
121.92	-0.74
121.86	-0.74
121.79	-0.74
121.73	-0.73
121.67	-0.73
121.60	-0.73
121.54	-0.73
121.48	-0.73
121.41	-0.73
121.35	-0.73
121.29	-0.73
121.22	-0.73
121.16	-0.73
121.10	-0.73
121.03	-0.73
120.97	-0.73
120.90	-0.73
120.84	-0.73
120.78	-0.73
120.72	-0.73
120.65	-0.73
120.59	-0.73
120.53	-0.73
120.47	-0.73
120.40	-0.73
120.34	-0.73
120.28	-0.73
120.21	-0.73
120.15	-0.73
120.08	-0.73
120.02	-0.73
119.95	-0.73
119.89	-0.73
119.83	-0.73
119.76	-0.73
119.70	-0.73
119.64	-0.73
119.58	-0.73
119.51	-0.73
119.45	-0.73
119.38	-0.73
119.32	-0.73
119.26	-0.73
119.20	-0.73
119.13	-0.73
119.07	-0.73
119.01	-0.73
118.95	-0.73
118.88	-0.72
118.81	-0.72
118.75	-0.72
118.69	-0.72
118.64	-0.72
118.57	-0.72
118.50	-0.72
118.44	-0.72
118.38	-0.72
118.32	-0.72
118.25	-0.72
118.19	-0.72
118.12	-0.72
118.06	-0.72
118.00	-0.72
117.94	-0.72
117.88	-0.72
117.81	-0.72
117.75	-0.72
117.69	-0.72
117.62	-0.72
117.56	-0.72
117.50	-0.72
117.44	-0.72
117.38	-0.72
117.31	-0.72
117.25	-0.72
117.18	-0.72
117.12	-0.72
117.06	-0.72
116.99	-0.72
116.93	-0.72
116.87	-0.72
116.81	-0.72
116.74	-0.72
116.68	-0.72
116.62	-0.72
116.55	-0.72
116.49	-0.72
116.43	-0.72
116.37	-0.72
116.30	-0.72
116.24	-0.71
116.18	-0.71
116.12	-0.71
116.05	-0.71
115.99	-0.71
115.93	-0.71
115.86	-0.71
115.80	-0.71
115.73	-0.71
115.68	-0.71
115.62	-0.71
115.55	-0.71
115.49	-0.71
115.43	-0.71
115.36	-0.71
115.29	-0.71
115.23	-0.71
115.17	-0.71
115.11	-0.71
115.04	-0.71
114.98	-0.71
114.92	-0.71
114.86	-0.71
114.79	-0.71
114.73	-0.71
114.67	-0.71
114.60	-0.71
114.54	-0.71
114.48	-0.71
114.42	-0.71
114.35	-0.71
114.29	-0.71
114.22	-0.71
114.16	-0.71
114.10	-0.71
114.03	-0.70
113.97	-0.70
113.91	-0.70
113.85	-0.70
113.79	-0.70
113.72	-0.70
113.66	-0.70
113.60	-0.70
113.53	-0.70
113.47	-0.70
113.41	-0.70
113.34	-0.70
113.28	-0.70
113.22	-0.70
113.16	-0.70
113.09	-0.70
113.03	-0.70
112.97	-0.70
112.90	-0.70
112.84	-0.70
112.78	-0.70
112.72	-0.70
112.65	-0.70
112.59	-0.70
112.52	-0.70
112.47	-0.70
112.40	-0.70
112.34	-0.70
112.27	-0.70
112.21	-0.70
112.15	-0.70
112.08	-0.70
112.02	-0.70
111.96	-0.70
111.90	-0.69
111.83	-0.69
111.77	-0.69
111.70	-0.69
111.64	-0.69
111.58	-0.69
111.51	-0.69
111.45	-0.69
111.39	-0.69
111.32	-0.69
111.26	-0.69
111.20	-0.69
111.13	-0.69
111.07	-0.69
111.00	-0.69
110.94	-0.69
110.88	-0.69
110.82	-0.69
110.75	-0.69
110.69	-0.69
110.63	-0.69
110.56	-0.69
110.50	-0.69
110.44	-0.69
110.37	-0.69
110.31	-0.69
110.25	-0.69
110.18	-0.69
110.12	-0.69
110.06	-0.69
109.99	-0.69
109.93	-0.69
109.87	-0.69
109.80	-0.69
109.74	-0.69
109.68	-0.69
109.61	-0.69
109.55	-0.69
109.48	-0.69
109.42	-0.68
109.36	-0.68
109.29	-0.69
109.23	-0.69
109.16	-0.69
109.11	-0.68
109.04	-0.68
108.98	-0.68
108.92	-0.68
108.85	-0.68
108.79	-0.68
108.72	-0.68
108.66	-0.68
108.60	-0.68
108.53	-0.68
108.47	-0.68
108.41	-0.68
108.34	-0.68
108.28	-0.68
108.22	-0.68
108.15	-0.68
108.10	-0.68
108.03	-0.68
107.98	-0.68
107.90	-0.68
107.84	-0.68
107.77	-0.68
107.72	-0.68
107.65	-0.68
107.59	-0.68
107.53	-0.68
107.46	-0.68
107.40	-0.68
107.33	-0.68
107.27	-0.68
107.21	-0.68
107.15	-0.68
107.08	-0.68
107.02	-0.67
106.96	-0.67
106.89	-0.67
106.83	-0.67
106.77	-0.68
106.70	-0.68
106.64	-0.68
106.58	-0.68
106.52	-0.67
106.45	-0.67
106.39	-0.67
106.32	-0.67
106.27	-0.67
106.20	-0.67
106.14	-0.67
106.07	-0.67
106.01	-0.67
105.95	-0.67
105.89	-0.67
105.82	-0.67
105.76	-0.67
105.70	-0.67
105.63	-0.67
105.57	-0.67
105.50	-0.67
105.45	-0.67
105.38	-0.67
105.31	-0.67
105.25	-0.67
105.19	-0.67
105.13	-0.67
105.06	-0.67
105.00	-0.67
104.94	-0.67
104.88	-0.67
104.81	-0.67
104.75	-0.67
104.69	-0.67
104.62	-0.67
104.56	-0.67
104.50	-0.67
104.43	-0.67
104.37	-0.66
104.31	-0.66
104.24	-0.66
104.18	-0.66
104.11	-0.66
104.06	-0.66
103.99	-0.66
103.94	-0.66
103.87	-0.66
103.80	-0.66
103.74	-0.66
103.67	-0.66
103.62	-0.66
103.55	-0.66
103.49	-0.66
103.43	-0.66
103.36	-0.66
103.30	-0.66
103.24	-0.66
103.17	-0.66
103.11	-0.66
103.05	-0.66
102.98	-0.66
102.92	-0.66
102.85	-0.66
102.79	-0.66
102.73	-0.66
102.67	-0.66
102.61	-0.66
102.54	-0.65
102.48	-0.65
102.41	-0.65
102.35	-0.65
102.28	-0.65
102.22	-0.65
102.16	-0.65
102.10	-0.65
102.03	-0.65
101.97	-0.65
101.91	-0.65
101.84	-0.65
101.78	-0.65
101.71	-0.65
101.65	-0.65
101.59	-0.65
101.53	-0.65
101.46	-0.65
101.40	-0.65
101.34	-0.65
101.27	-0.65
101.21	-0.65
101.14	-0.65
101.08	-0.65
101.02	-0.65
100.95	-0.65
100.89	-0.65
100.83	-0.65
100.76	-0.64
100.70	-0.64
100.64	-0.64
100.57	-0.64
100.51	-0.64
100.45	-0.64
100.38	-0.64
100.32	-0.64
100.26	-0.64
100.19	-0.64
100.14	-0.64
100.07	-0.64
100.00	-0.64
99.94	-0.64
99.88	-0.64
99.81	-0.64
99.75	-0.64
99.69	-0.64
99.62	-0.64
99.56	-0.64
99.50	-0.64
99.43	-0.64
99.37	-0.64
99.30	-0.64
99.24	-0.64
99.18	-0.64
99.12	-0.64
99.06	-0.64
99.00	-0.64
98.93	-0.64
98.86	-0.64
98.80	-0.64
98.74	-0.64
98.68	-0.64
98.61	-0.64
98.55	-0.64
98.48	-0.63
98.43	-0.63
98.36	-0.63
98.30	-0.63
98.23	-0.63
98.17	-0.63
98.10	-0.63
98.04	-0.63
97.98	-0.63
97.91	-0.63
97.85	-0.63
97.79	-0.63
97.73	-0.63
97.66	-0.63
97.60	-0.63
97.53	-0.63
97.47	-0.63
97.41	-0.63
97.34	-0.63
97.29	-0.63
97.22	-0.63
97.16	-0.63
97.09	-0.63
97.03	-0.63
96.97	-0.63
96.90	-0.63
96.84	-0.63
96.78	-0.63
96.71	-0.63
96.65	-0.63
96.59	-0.63
96.53	-0.63
96.46	-0.63
96.40	-0.63
96.34	-0.63
96.27	-0.62
96.21	-0.62
96.14	-0.62
96.09	-0.62
96.02	-0.62
95.96	-0.62
95.90	-0.62
95.83	-0.62
95.77	-0.62
95.70	-0.62
95.64	-0.62
95.58	-0.62
95.51	-0.62
95.45	-0.62
95.39	-0.62
95.33	-0.62
95.26	-0.62
95.20	-0.62
95.13	-0.62
95.07	-0.62
95.01	-0.62
94.94	-0.62
94.88	-0.62
94.82	-0.62
94.76	-0.62
94.69	-0.62
94.63	-0.62
94.57	-0.62
94.51	-0.62
94.44	-0.61
94.38	-0.61
94.32	-0.61
94.25	-0.61
94.19	-0.61
94.13	-0.61
94.07	-0.61
94.00	-0.61
93.94	-0.61
93.88	-0.61
93.81	-0.61
93.74	-0.61
93.68	-0.61
93.62	-0.61
93.55	-0.61
93.49	-0.61
93.42	-0.61
93.36	-0.61
93.30	-0.61
93.24	-0.61
93.17	-0.61
93.11	-0.61
93.05	-0.61
92.98	-0.61
92.92	-0.61
92.86	-0.61
92.80	-0.61
92.73	-0.61
92.67	-0.61
92.60	-0.61
92.55	-0.61
92.48	-0.61
92.42	-0.60
92.35	-0.60
92.29	-0.60
92.23	-0.60
92.17	-0.60
92.10	-0.60
92.04	-0.60
91.97	-0.60
91.90	-0.60
91.84	-0.60
91.78	-0.60
91.72	-0.60
91.65	-0.60
91.59	-0.60
91.53	-0.60
91.46	-0.60
91.40	-0.60
91.33	-0.60
91.27	-0.60
91.20	-0.60
91.14	-0.60
91.08	-0.60
91.02	-0.60
90.96	-0.60
90.89	-0.60
90.83	-0.60
90.77	-0.60
90.71	-0.60
90.64	-0.60
90.58	-0.60
90.52	-0.60
90.46	-0.60
90.39	-0.60
90.32	-0.59
90.26	-0.59
90.20	-0.59
90.13	-0.59
90.07	-0.59
90.01	-0.59
89.94	-0.59
89.88	-0.59
89.82	-0.59
89.75	-0.59
89.69	-0.59
89.63	-0.59
89.57	-0.59
89.50	-0.59
89.44	-0.59
89.37	-0.59
89.31	-0.59
89.25	-0.59
89.19	-0.59
89.12	-0.59
89.06	-0.59
88.99	-0.59
88.93	-0.59
88.87	-0.59
88.81	-0.59
88.74	-0.59
88.68	-0.59
88.62	-0.59
88.56	-0.59
88.49	-0.59
88.43	-0.59
88.37	-0.59
88.30	-0.59
88.23	-0.59
88.17	-0.58
88.10	-0.58
88.04	-0.58
87.98	-0.58
87.92	-0.58
87.86	-0.58
87.80	-0.58
87.73	-0.58
87.67	-0.58
87.60	-0.58
87.54	-0.58
87.48	-0.58
87.41	-0.58
87.35	-0.58
87.29	-0.58
87.22	-0.58
87.16	-0.58
87.10	-0.58
87.04	-0.58
86.98	-0.58
86.91	-0.58
86.85	-0.58
86.78	-0.58
86.72	-0.58
86.66	-0.58
86.60	-0.58
86.53	-0.58
86.47	-0.58
86.40	-0.58
86.34	-0.58
86.28	-0.58
86.22	-0.58
86.15	-0.58
86.09	-0.58
86.03	-0.58
85.96	-0.58
85.90	-0.57
85.84	-0.57
85.77	-0.57
85.70	-0.57
85.65	-0.57
85.58	-0.57
85.52	-0.57
85.45	-0.57
85.39	-0.57
85.33	-0.57
85.26	-0.57
85.20	-0.57
85.14	-0.57
85.08	-0.57
85.01	-0.57
84.95	-0.57
84.89	-0.57
84.82	-0.57
84.76	-0.57
84.70	-0.57
84.64	-0.57
84.58	-0.57
84.53	-0.57
84.48	-0.58
84.44	-0.58
84.41	-0.59
84.38	-0.60
84.36	-0.60
84.34	-0.61
84.32	-0.62
84.31	-0.62
84.30	-0.63
84.29	-0.63
84.28	-0.64
84.28	-0.64
84.28	-0.64
84.26	-0.64
84.26	-0.64
84.26	-0.65
84.26	-0.65
84.25	-0.65
84.26	-0.65
84.26	-0.65
84.25	-0.65
84.25	-0.65
84.25	-0.65
84.25	-0.65
84.25	-0.65
84.25	-0.65
84.24	-0.65
84.24	-0.65
84.24	-0.65
84.25	-0.65
84.25	-0.65
84.25	-0.65
84.25	-0.65
84.25	-0.65
84.25	-0.65
84.25	-0.65
84.25	-0.65
84.24	-0.64
84.24	-0.65
84.24	-0.65
84.24	-0.65
84.25	-0.65
84.24	-0.65
84.25	-0.65
84.25	-0.65
84.25	-0.65
84.25	-0.65
84.25	-0.64
84.25	-0.64
84.25	-0.64
84.25	-0.64
84.24	-0.64
84.25	-0.64
84.25	-0.64
84.25	-0.64
84.25	-0.64
84.25	-0.64
84.25	-0.64
84.24	-0.64
84.24	-0.64
84.25	-0.64
84.25	-0.64
84.25	-0.64
84.25	-0.64
84.24	-0.64
84.25	-0.64
84.24	-0.64
84.24	-0.64
84.24	-0.64
84.24	-0.64
84.24	-0.64
84.24	-0.64
84.24	-0.64
84.23	-0.64
84.24	-0.64
84.24	-0.64
84.24	-0.64
84.24	-0.64
84.24	-0.64
84.24	-0.64
84.24	-0.64
84.24	-0.64
84.24	-0.65
84.24	-0.65
84.24	-0.65
84.24	-0.65
84.23	-0.65
84.24	-0.65
84.23	-0.65
84.24	-0.65
84.24	-0.65
84.24	-0.64
84.24	-0.64
84.23	-0.64
84.24	-0.64
84.24	-0.64
84.24	-0.64
84.24	-0.65
84.24	-0.65
84.24	-0.64
84.24	-0.64
84.24	-0.65
84.24	-0.65
84.24	-0.64
84.24	-0.64
84.24	-0.64
84.24	-0.64
84.24	-0.64
84.24	-0.64
84.24	-0.64
84.24	-0.64
84.24	-0.64
84.24	-0.64
84.24	-0.64
84.24	-0.64
84.24	-0.64
84.24	-0.64
84.24	-0.64
84.23	-0.64
84.24	-0.64
84.24	-0.64
84.24	-0.64
84.23	-0.64
84.23	-0.64
84.23	-0.64
84.24	-0.64
84.24	-0.64
84.24	-0.64
84.24	-0.64
84.23	-0.64
84.24	-0.64
84.23	-0.64
84.23	-0.64
84.23	-0.64
84.24	-0.64
84.24	-0.64
84.24	-0.64
84.23	-0.64
84.23	-0.64
84.24	-0.64
84.24	-0.64
84.24	-0.64
84.23	-0.64
84.23	-0.64
84.23	-0.64
84.23	-0.64
84.23	-0.64
84.23	-0.64
84.23	-0.64
84.23	-0.64
84.24	-0.64
84.24	-0.64
84.24	-0.64
84.23	-0.64
84.23	-0.64
84.23	-0.64
84.23	-0.64
84.22	-0.64
84.22	-0.64
84.23	-0.64
84.23	-0.64
84.23	-0.64
84.23	-0.64
84.24	-0.64
84.23	-0.64
84.23	-0.64
84.23	-0.64
84.23	-0.64
84.23	-0.64
84.23	-0.64
84.24	-0.64
84.23	-0.64
84.23	-0.64
84.23	-0.64
84.24	-0.64
84.23	-0.64
84.23	-0.64
84.23	-0.64
84.23	-0.64
84.23	-0.64
84.23	-0.64
84.23	-0.64
84.23	-0.64
84.23	-0.64
84.23	-0.64
84.23	-0.64
84.23	-0.64
84.23	-0.64
84.23	-0.64
84.23	-0.64
84.23	-0.64
84.23	-0.64
84.23	-0.64
84.23	-0.64
84.23	-0.64
84.23	-0.64
84.23	-0.64
84.23	-0.64
84.23	-0.64
84.23	-0.64
84.23	-0.64
84.23	-0.64
84.23	-0.64
84.23	-0.64
84.23	-0.64
84.22	-0.64
84.22	-0.64
84.23	-0.64
84.22	-0.64
84.22	-0.64
84.22	-0.64
84.22	-0.64
84.23	-0.64
84.22	-0.64
84.22	-0.64
84.22	-0.64
84.22	-0.64
84.23	-0.64
84.23	-0.64
84.22	-0.64
84.22	-0.64
84.23	-0.64
84.22	-0.64
84.22	-0.64
84.22	-0.64
84.22	-0.64
84.22	-0.64
84.23	-0.64
84.22	-0.64
84.23	-0.64
84.23	-0.64
84.22	-0.64
84.23	-0.64
84.23	-0.64
84.23	-0.64
84.22	-0.64
84.22	-0.64
84.23	-0.64
84.26	-0.64
84.32	-0.66
84.42	-0.68
84.53	-0.71
84.68	-0.75
84.86	-0.79
85.06	-0.83
85.28	-0.87
85.51	-0.90
85.76	-0.93
86.02	-0.95
86.29	-0.98
86.58	-0.99
86.86	-1.01
87.15	-1.02
87.45	-1.03
87.75	-1.04
88.05	-1.05
88.36	-1.05
88.67	-1.06
88.98	-1.06
89.30	-1.06
89.61	-1.07
89.92	-1.07
90.23	-1.07
90.55	-1.08
90.87	-1.08
91.19	-1.08
91.50	-1.08
91.82	-1.08
92.14	-1.08
92.45	-1.08
92.78	-1.08
93.09	-1.07
93.41	-1.07
93.73	-1.07
94.05	-1.07
94.36	-1.07
94.68	-1.07
94.99	-1.07
95.32	-1.07
95.64	-1.07
95.95	-1.07
96.27	-1.07
96.58	-1.07
96.91	-1.07
97.22	-1.07
97.54	-1.07
97.86	-1.07
98.17	-1.07
98.49	-1.07
98.81	-1.07
99.13	-1.08
99.44	-1.08
99.76	-1.08
100.08	-1.08
100.40	-1.08
100.71	-1.08
101.03	-1.08
101.35	-1.08
101.67	-1.08
101.98	-1.08
102.30	-1.08
102.62	-1.08
102.94	-1.08
103.26	-1.09
103.57	-1.09
103.89	-1.09
104.20	-1.09
104.52	-1.09
104.83	-1.09
105.15	-1.09
105.47	-1.09
105.78	-1.09
106.10	-1.09
106.42	-1.10
106.74	-1.10
107.05	-1.10
107.37	-1.10
107.68	-1.10
108.00	-1.10
108.31	-1.10
108.63	-1.10
108.95	-1.11
109.26	-1.11
109.58	-1.11
109.90	-1.11
110.21	-1.11
110.53	-1.12
110.85	-1.12
111.17	-1.12
111.48	-1.12
111.80	-1.12
112.11	-1.12
112.44	-1.12
112.75	-1.12
113.07	-1.13
113.38	-1.13
113.70	-1.13
114.02	-1.13
114.33	-1.13
114.64	-1.13
114.96	-1.13
115.28	-1.13
115.59	-1.14
115.91	-1.14
116.22	-1.14
116.54	-1.14
116.85	-1.14
117.17	-1.14
117.48	-1.14
117.80	-1.14
118.11	-1.15
118.43	-1.15
118.74	-1.15
119.06	-1.15
119.38	-1.15
119.70	-1.15
120.01	-1.15
120.33	-1.15
120.65	-1.16
120.96	-1.16
121.28	-1.16
121.60	-1.16
121.91	-1.16
122.23	-1.16
122.55	-1.16
122.87	-1.16
123.18	-1.16
123.50	-1.16
123.81	-1.17
124.13	-1.17
124.45	-1.17
124.76	-1.17
125.08	-1.17
125.39	-1.17
125.72	-1.17
126.03	-1.17
126.35	-1.17
126.66	-1.18
126.98	-1.18
127.29	-1.18
127.62	-1.18
127.93	-1.18
128.24	-1.18
128.56	-1.18
128.88	-1.18
129.19	-1.18
129.51	-1.18
129.83	-1.19
130.15	-1.19
130.47	-1.19
130.78	-1.19
131.10	-1.19
131.42	-1.19
131.73	-1.19
132.05	-1.19
132.37	-1.19
132.68	-1.19
132.99	-1.19
133.31	-1.20
133.63	-1.20
133.95	-1.20
134.27	-1.20
134.58	-1.20
134.89	-1.20
135.21	-1.20
135.54	-1.20
135.85	-1.20
136.17	-1.20
136.48	-1.20
136.80	-1.21
137.11	-1.21
137.43	-1.21
137.75	-1.21
138.06	-1.21
138.38	-1.21
138.69	-1.21
139.01	-1.21
139.33	-1.21
139.65	-1.21
139.96	-1.21
140.28	-1.21
140.60	-1.21
140.91	-1.22
141.23	-1.22
141.54	-1.22
141.86	-1.22
142.18	-1.22
142.50	-1.22
142.81	-1.22
143.13	-1.22
143.45	-1.22
143.76	-1.22
144.08	-1.23
144.39	-1.23
144.71	-1.23
145.03	-1.23
145.35	-1.23
145.67	-1.23
145.99	-1.23
146.30	-1.23
146.62	-1.23
146.93	-1.23
147.25	-1.23
147.56	-1.23
147.88	-1.23
148.20	-1.24
148.51	-1.24
148.84	-1.24
149.14	-1.24
149.46	-1.24
149.77	-1.24
150.09	-1.24
150.41	-1.24
150.73	-1.24
151.05	-1.24
151.37	-1.24
151.69	-1.24
152.00	-1.24
152.32	-1.24
152.63	-1.24
152.96	-1.25
153.28	-1.25
153.59	-1.25
153.91	-1.25
154.23	-1.25
154.55	-1.25
154.87	-1.25
155.18	-1.25
155.50	-1.25
155.81	-1.26
156.10	-1.39
156.36	-1.81
156.60	-2.63
156.85	-3.66
157.13	-4.63
157.48	-5.11
157.88	-4.80
158.25	-3.94
158.60	-3.11
158.94	-2.52
159.28	-2.12
159.61	-1.84
159.94	-1.66
160.26	-1.53
160.58	-1.44
160.90	-1.38
161.22	-1.35
161.55	-1.32
161.86	-1.30
162.18	-1.29
162.50	-1.28
162.82	-1.28
163.14	-1.27
163.46	-1.27
163.78	-1.27
164.10	-1.27
164.42	-1.27
164.74	-1.27
165.06	-1.27
165.37	-1.27
165.69	-1.26
166.01	-1.26
166.33	-1.26
166.65	-1.27
166.97	-1.27
167.28	-1.27
167.60	-1.27
167.92	-1.27
168.24	-1.27
168.56	-1.27
168.88	-1.27
169.20	-1.27
169.52	-1.27
169.83	-1.27
170.15	-1.27
170.46	-1.27
170.79	-1.27
171.11	-1.27
171.43	-1.27
171.74	-1.27
172.07	-1.27
172.39	-1.27
172.70	-1.27
173.02	-1.27
173.34	-1.27
173.66	-1.28
173.97	-1.28
174.30	-1.28
174.62	-1.28
174.94	-1.28
175.26	-1.28
175.58	-1.28
175.90	-1.28
176.22	-1.28
176.54	-1.28
176.86	-1.28
177.18	-1.28
177.50	-1.28
177.82	-1.28
178.13	-1.28
178.46	-1.28
178.77	-1.28
179.10	-1.28
179.42	-1.28
179.73	-1.28
180.02	-1.28
180.26	-1.27
180.48	-1.24
180.66	-1.20
180.81	-1.16
180.94	-1.11
181.04	-1.07
181.12	-1.04
181.19	-1.01
181.25	-0.98
181.31	-0.96
181.33	-0.94
181.36	-0.93
181.39	-0.92
181.41	-0.91
181.42	-0.90
181.44	-0.90
181.45	-0.89
181.46	-0.89
181.47	-0.89
181.47	-0.89
181.48	-0.89
181.48	-0.89
181.49	-0.89
181.49	-0.89
181.49	-0.89
181.50	-0.89
181.49	-0.89
181.50	-0.89
181.50	-0.90
181.50	-0.90
181.50	-0.90
181.50	-0.90
181.51	-0.90
181.51	-0.90
181.51	-0.90
181.51	-0.91
181.51	-0.91
181.51	-0.91
181.51	-0.91
181.52	-0.91
181.51	-0.91
181.52	-0.91
181.51	-0.91
181.52	-0.91
181.51	-0.91
181.52	-0.91
181.52	-0.91
181.52	-0.91
181.52	-0.91
181.52	-0.91
181.53	-0.91
181.52	-0.91
181.53	-0.91
181.53	-0.91
181.53	-0.91
181.53	-0.91
181.53	-0.91
181.53	-0.91
181.52	-0.91
181.48	-0.91
181.41	-0.89
181.30	-0.87
181.17	-0.83
181.00	-0.79
180.80	-0.74
180.59	-0.70
180.35	-0.67
180.10	-0.64
179.84	-0.61
179.57	-0.59
179.28	-0.57
178.99	-0.55
178.70	-0.54
178.40	-0.53
178.09	-0.53
177.79	-0.52
177.48	-0.52
177.17	-0.51
176.86	-0.51
176.54	-0.51
176.23	-0.51
175.92	-0.51
175.60	-0.51
175.29	-0.51
174.97	-0.51
174.65	-0.51
174.33	-0.51
174.02	-0.51
173.70	-0.51
173.38	-0.51
173.07	-0.51
172.74	-0.51
172.43	-0.51
172.11	-0.51
171.80	-0.51
171.48	-0.52
171.16	-0.52
170.84	-0.52
170.52	-0.52
170.21	-0.52
169.89	-0.52
169.58	-0.52
169.26	-0.52
168.94	-0.52
168.62	-0.52
168.30	-0.52
167.99	-0.52
167.67	-0.52
167.36	-0.52
167.04	-0.52
166.72	-0.52
166.40	-0.52
166.09	-0.52
165.77	-0.52
165.46	-0.52
165.13	-0.52
164.82	-0.51
164.50	-0.51
164.19	-0.51
163.86	-0.51
163.55	-0.51
163.23	-0.51
162.91	-0.51
162.59	-0.51
162.28	-0.51
161.96	-0.51
161.65	-0.51
161.33	-0.51
161.01	-0.51
160.69	-0.51
160.38	-0.51
160.06	-0.51
159.74	-0.51
159.43	-0.51
159.11	-0.51
158.79	-0.51
158.48	-0.51
158.16	-0.51
157.85	-0.51
157.53	-0.51
157.21	-0.51
156.90	-0.51
156.59	-0.51
156.27	-0.51
155.95	-0.51
155.64	-0.51
155.32	-0.51
155.00	-0.51
154.69	-0.51
154.38	-0.51
154.06	-0.51
153.75	-0.50
153.43	-0.50
153.15	-0.44
153.08	0.65
152.85	2.82
152.46	4.33
152.05	3.90
151.68	2.67
151.31	1.67
150.97	0.98
150.63	0.51
150.30	0.19
149.97	-0.03
149.65	-0.18
149.33	-0.28
149.02	-0.35
148.70	-0.39
148.38	-0.43
148.06	-0.45
147.75	-0.46
147.43	-0.47
147.12	-0.48
146.81	-0.48
146.49	-0.49
146.17	-0.49
145.86	-0.49
145.55	-0.49
145.23	-0.49
144.92	-0.49
144.61	-0.49
144.29	-0.49
143.97	-0.49
143.66	-0.49
143.34	-0.49
143.03	-0.49
142.71	-0.49
142.40	-0.49
142.08	-0.49
141.77	-0.49
141.46	-0.49
141.14	-0.49
140.82	-0.49
140.50	-0.49
140.19	-0.49
139.87	-0.49
139.56	-0.49
139.24	-0.49
138.93	-0.49
138.62	-0.49
138.30	-0.49
137.99	-0.49
137.67	-0.48
137.36	-0.48
137.04	-0.48
136.74	-0.48
136.42	-0.48
136.10	-0.48
135.79	-0.48
135.48	-0.48
135.16	-0.48
134.85	-0.48
134.54	-0.48
134.21	-0.48
133.90	-0.48
133.59	-0.48
133.27	-0.48
132.96	-0.47
132.64	-0.47
132.33	-0.47
132.02	-0.47
131.70	-0.47
131.38	-0.47
131.07	-0.47
130.75	-0.47
130.44	-0.47
130.12	-0.47
129.81	-0.47
129.49	-0.47
129.18	-0.47
128.86	-0.46
128.54	-0.46
128.23	-0.46
127.91	-0.46
127.60	-0.46
127.28	-0.46
126.97	-0.46
126.66	-0.46
126.34	-0.46
126.03	-0.46
125.71	-0.46
125.40	-0.46
125.08	-0.46
124.77	-0.46
124.45	-0.46
124.14	-0.46
123.82	-0.45
123.51	-0.45
123.19	-0.45
122.88	-0.45
122.56	-0.45
122.25	-0.45
121.93	-0.44
121.61	-0.44
121.30	-0.44
120.98	-0.44
120.66	-0.44
120.35	-0.44
120.04	-0.44
119.72	-0.44
119.40	-0.44
119.09	-0.43
118.77	-0.43
118.46	-0.43
118.14	-0.43
117.83	-0.43
117.52	-0.43
117.21	-0.43
116.89	-0.43
116.58	-0.42
116.26	-0.42
115.95	-0.42
115.64	-0.42
115.32	-0.42
115.01	-0.42
114.69	-0.42
114.38	-0.41
114.06	-0.41
113.75	-0.41
113.43	-0.41
113.12	-0.41
112.81	-0.41
112.49	-0.41
112.18	-0.41
111.86	-0.41
111.55	-0.40
111.23	-0.40
110.91	-0.40
110.60	-0.40
110.29	-0.40
109.97	-0.40
109.66	-0.40
109.34	-0.39
109.02	-0.39
108.71	-0.39
108.39	-0.39
108.08	-0.39
107.76	-0.39
107.45	-0.38
107.14	-0.38
106.82	-0.38
106.50	-0.38
106.19	-0.38
105.87	-0.38
105.56	-0.37
105.25	-0.37
104.93	-0.37
104.61	-0.37
104.30	-0.37
103.98	-0.37
103.67	-0.36
103.35	-0.36
103.04	-0.36
102.72	-0.36
102.41	-0.36
102.09	-0.36
101.77	-0.35
101.46	-0.35
101.14	-0.35
100.82	-0.35
100.51	-0.35
100.19	-0.34
99.87	-0.34
99.56	-0.34
99.24	-0.34
98.93	-0.34
98.61	-0.34
98.30	-0.33
97.98	-0.33
97.67	-0.33
97.35	-0.33
97.03	-0.33
96.72	-0.33
96.41	-0.32
96.09	-0.32
95.77	-0.32
95.45	-0.32
95.14	-0.32
94.83	-0.32
94.51	-0.31
94.19	-0.31
93.88	-0.31
93.56	-0.31
93.25	-0.31
92.93	-0.30
92.61	-0.30
92.30	-0.30
91.98	-0.30
91.67	-0.30
91.35	-0.30
91.03	-0.29
90.71	-0.29
90.40	-0.29
90.09	-0.29
89.77	-0.29
89.45	-0.28
89.14	-0.28
88.82	-0.28
88.50	-0.28
88.19	-0.28
87.87	-0.28
87.56	-0.27
87.24	-0.27
86.93	-0.27
86.61	-0.27
86.30	-0.27
85.98	-0.27
85.67	-0.26
85.35	-0.26
85.04	-0.26
84.72	-0.26
84.40	-0.26
84.09	-0.26
83.77	-0.25
83.45	-0.25
83.14	-0.25
82.82	-0.25
82.50	-0.24
82.19	-0.24
81.88	-0.24
81.55	-0.24
81.24	-0.24
80.93	-0.23
80.61	-0.23
80.29	-0.23
79.98	-0.23
79.66	-0.23
79.35	-0.23
79.03	-0.23
78.71	-0.23
78.40	-0.22
78.08	-0.22
77.77	-0.22
77.45	-0.22
77.13	-0.22
76.81	-0.22
76.50	-0.22
76.18	-0.22
75.87	-0.21
75.55	-0.21
75.23	-0.21
74.92	-0.21
74.60	-0.21
74.29	-0.21
73.97	-0.21
73.66	-0.21
73.34	-0.20
73.02	-0.20
72.71	-0.20
72.38	-0.20
72.07	-0.20
71.76	-0.20
71.44	-0.20
71.12	-0.19
70.81	-0.19
70.49	-0.19
70.18	-0.19
69.86	-0.19
69.55	-0.19
69.23	-0.18
68.91	-0.18
68.60	-0.18
68.28	-0.18
67.96	-0.18
67.65	-0.18
67.34	-0.18
67.02	-0.17
66.70	-0.17
66.39	-0.17
66.07	-0.17
65.76	-0.17
65.44	-0.17
65.13	-0.16
64.81	-0.16
64.50	-0.16
64.18	-0.16
63.86	-0.16
63.54	-0.15
63.23	-0.15
62.92	-0.15
62.60	-0.15
62.28	-0.15
61.96	-0.15
61.66	-0.14
61.33	-0.14
61.02	-0.14
60.70	-0.14
60.39	-0.14
60.06	-0.13
59.75	-0.13
59.44	-0.13
59.12	-0.13
58.80	-0.13
58.49	-0.12
58.18	-0.12
57.85	-0.12
57.54	-0.12
57.22	-0.12
56.90	-0.12
56.59	-0.12
56.27	-0.11
55.96	-0.11
55.63	-0.11
55.32	-0.11
55.01	-0.11
54.70	-0.10
54.37	-0.10
54.06	-0.10
53.74	-0.10
53.42	-0.09
53.11	-0.09
52.79	-0.09
52.48	-0.09
52.16	-0.09
51.85	-0.09
51.53	-0.08
51.21	-0.08
50.90	-0.08
50.58	-0.08
50.27	-0.08
49.95	-0.07
49.64	-0.07
49.32	-0.07
49.01	-0.07
48.69	-0.07
48.38	-0.06
48.06	-0.06
47.74	-0.06
47.43	-0.06
47.11	-0.06
46.79	-0.05
46.47	-0.05
46.16	-0.05
45.84	-0.05
45.53	-0.05
45.21	-0.04
44.89	-0.04
44.57	-0.04
44.25	-0.04
43.94	-0.04
43.62	-0.03
43.31	-0.03
42.99	-0.03
42.67	-0.03
42.36	-0.03
42.05	-0.03
41.73	-0.02
41.41	-0.02
41.10	-0.02
40.78	-0.02
40.47	-0.02
40.15	-0.01
39.84	-0.01
39.52	-0.01
39.21	-0.01
38.90	-0.01
38.58	-0.01
38.26	-0.00
37.95	-0.00
37.63	0.00
37.32	0.00
37.00	0.01
36.68	0.01
36.38	0.01
36.05	0.01
35.73	0.01
35.41	0.02
35.09	0.02
34.78	0.02
34.46	0.02
34.15	0.02
33.84	0.02
33.52	0.03
33.20	0.03
32.89	0.03
32.57	0.03
32.26	0.03
31.94	0.04
31.63	0.04
31.31	0.04
31.00	0.04
30.68	0.04
30.37	0.05
30.07	0.05
29.74	0.05
29.42	0.05
29.11	0.05
28.80	0.06
28.48	0.06
28.17	0.06
27.86	0.06
27.54	0.06
27.23	0.06
26.91	0.06
26.60	0.07
26.28	0.07
25.96	0.07
25.65	0.07
25.33	0.07
25.02	0.08
24.71	0.08
24.40	0.08
24.08	0.08
23.77	0.08
23.45	0.09
23.15	0.09
22.83	0.09
22.52	0.09
22.21	0.09
21.90	0.09
21.59	0.10
21.28	0.10
20.97	0.10
20.66	0.10
20.35	0.10
20.04	0.10
19.74	0.10
19.44	0.11
19.13	0.11
18.83	0.11
18.53	0.11
18.23	0.11
17.94	0.11
17.65	0.10
17.35	0.10
17.07	0.10
16.78	0.